74,26,3.47826,88.5106,3.41218,88.5106,
74,73,3.47826,88.5106,3.47826,88.3626,
74,75,3.47826,88.5106,3.47826,91.9149,
74,122,3.47826,88.5106,6.95652,88.5106,
75,27,3.47826,91.9149,1.89256,91.9149,
75,74,3.47826,91.9149,3.47826,88.5106,
75,76,3.47826,91.9149,3.47826,95.3192,
75,123,3.47826,91.9149,6.95652,91.9149,
76,28,3.47826,95.3192,1.22492,95.3192,
76,75,3.47826,95.3192,3.47826,91.9149,
76,77,3.47826,95.3192,3.47826,98.7234,
76,124,3.47826,95.3192,6.95652,95.3192,
77,29,3.47826,98.7234,1.22492,98.7234,
77,76,3.47826,98.7234,3.47826,95.3192,
77,78,3.47826,98.7234,3.47826,102.128,
77,125,3.47826,98.7234,6.95652,98.7234,
78,30,3.47826,102.128,1.29435,102.128,
78,77,3.47826,102.128,3.47826,98.7234,
78,79,3.47826,102.128,3.47826,105.532,
78,126,3.47826,102.128,6.95652,102.128,
79,31,3.47826,105.532,1.47151,105.532,
79,78,3.47826,105.532,3.47826,102.128,
79,80,3.47826,105.532,3.47826,108.936,
79,127,3.47826,105.532,6.95652,105.532,
80,32,3.47826,108.936,2.15288,108.936,
80,79,3.47826,108.936,3.47826,105.532,
80,81,3.47826,108.936,3.47826,112.277,
80,128,3.47826,108.936,6.95652,108.936,
121,73,6.95652,85.1064,5.08942,85.1064,
121,120,6.95652,85.1064,6.95652,81.832,
121,122,6.95652,85.1064,6.95652,88.5106,
121,169,6.95652,85.1064,10.4348,85.1064,
122,74,6.95652,88.5106,3.47826,88.5106,
122,121,6.95652,88.5106,6.95652,85.1064,
122,123,6.95652,88.5106,6.95652,91.9149,
122,170,6.95652,88.5106,10.4348,88.5106,
123,75,6.95652,91.9149,3.47826,91.9149,
123,122,6.95652,91.9149,6.95652,88.5106,
123,124,6.95652,91.9149,6.95652,95.3192,
123,171,6.95652,91.9149,10.4348,91.9149,
124,76,6.95652,95.3192,3.47826,95.3192,
124,123,6.95652,95.3192,6.95652,91.9149,
124,125,6.95652,95.3192,6.95652,98.7234,
124,172,6.95652,95.3192,10.4348,95.3192,
125,77,6.95652,98.7234,3.47826,98.7234,
125,124,6.95652,98.7234,6.95652,95.3192,
125,126,6.95652,98.7234,6.95652,102.128,
125,173,6.95652,98.7234,10.4348,98.7234,
126,78,6.95652,102.128,3.47826,102.128,
126,125,6.95652,102.128,6.95652,98.7234,
126,127,6.95652,102.128,6.95652,105.532,
126,174,6.95652,102.128,10.4348,102.128,
127,79,6.95652,105.532,3.47826,105.532,
127,126,6.95652,105.532,6.95652,102.128,
127,128,6.95652,105.532,6.95652,108.936,
127,175,6.95652,105.532,10.4348,105.532,
128,80,6.95652,108.936,3.47826,108.936,
128,127,6.95652,108.936,6.95652,105.532,
128,129,6.95652,108.936,6.95652,112.34,
128,176,6.95652,108.936,10.4348,108.936,
129,81,6.95652,112.34,3.50322,112.34,
129,128,6.95652,112.34,6.95652,108.936,
129,130,6.95652,112.34,6.95652,114.813,
129,177,6.95652,112.34,10.4348,112.34,
168,120,10.4348,81.7021,7.03058,81.7021,
168,167,10.4348,81.7021,10.4348,78.3989,
168,169,10.4348,81.7021,10.4348,85.1064,
168,216,10.4348,81.7021,13.913,81.7021,
169,121,10.4348,85.1064,6.95652,85.1064,
169,168,10.4348,85.1064,10.4348,81.7021,
169,170,10.4348,85.1064,10.4348,88.5106,
169,217,10.4348,85.1064,13.913,85.1064,
170,122,10.4348,88.5106,6.95652,88.5106,
170,169,10.4348,88.5106,10.4348,85.1064,
170,171,10.4348,88.5106,10.4348,91.9149,
170,218,10.4348,88.5106,13.913,88.5106,
171,123,10.4348,91.9149,6.95652,91.9149,
171,170,10.4348,91.9149,10.4348,88.5106,
171,172,10.4348,91.9149,10.4348,95.3192,
171,219,10.4348,91.9149,13.913,91.9149,
172,124,10.4348,95.3192,6.95652,95.3192,
172,171,10.4348,95.3192,10.4348,91.9149,
172,173,10.4348,95.3192,10.4348,98.7234,
172,220,10.4348,95.3192,13.913,95.3192,
173,125,10.4348,98.7234,6.95652,98.7234,
173,172,10.4348,98.7234,10.4348,95.3192,
173,174,10.4348,98.7234,10.4348,102.128,
173,221,10.4348,98.7234,13.913,98.7234,
174,126,10.4348,102.128,6.95652,102.128,
174,173,10.4348,102.128,10.4348,98.7234,
174,175,10.4348,102.128,10.4348,105.532,
174,222,10.4348,102.128,13.913,102.128,
175,127,10.4348,105.532,6.95652,105.532,
175,174,10.4348,105.532,10.4348,102.128,
175,176,10.4348,105.532,10.4348,108.936,
175,223,10.4348,105.532,13.913,105.532,
176,128,10.4348,108.936,6.95652,108.936,
176,175,10.4348,108.936,10.4348,105.532,
176,177,10.4348,108.936,10.4348,112.34,
176,224,10.4348,108.936,13.913,108.936,
177,129,10.4348,112.34,6.95652,112.34,
177,176,10.4348,112.34,10.4348,108.936,
177,178,10.4348,112.34,10.4348,114.83,
177,225,10.4348,112.34,13.913,112.34,
215,167,13.913,78.2979,10.7494,78.2979,
215,214,13.913,78.2979,13.913,77.2821,
215,216,13.913,78.2979,13.913,81.7021,
215,263,13.913,78.2979,17.3913,78.2979,
216,168,13.913,81.7021,10.4348,81.7021,
216,215,13.913,81.7021,13.913,78.2979,
216,217,13.913,81.7021,13.913,85.1064,
216,264,13.913,81.7021,17.3913,81.7021,
217,169,13.913,85.1064,10.4348,85.1064,
217,216,13.913,85.1064,13.913,81.7021,
217,218,13.913,85.1064,13.913,88.5106,
217,265,13.913,85.1064,17.3913,85.1064,
218,170,13.913,88.5106,10.4348,88.5106,
218,217,13.913,88.5106,13.913,85.1064,
218,219,13.913,88.5106,13.913,91.9149,
218,266,13.913,88.5106,17.3913,88.5106,
219,171,13.913,91.9149,10.4348,91.9149,
219,218,13.913,91.9149,13.913,88.5106,
219,220,13.913,91.9149,13.913,95.3192,
219,267,13.913,91.9149,17.3913,91.9149,
220,172,13.913,95.3192,10.4348,95.3192,
220,219,13.913,95.3192,13.913,91.9149,
220,221,13.913,95.3192,13.913,98.7234,
220,268,13.913,95.3192,17.3913,95.3192,
221,173,13.913,98.7234,10.4348,98.7234,
221,220,13.913,98.7234,13.913,95.3192,
221,222,13.913,98.7234,13.913,102.128,
221,269,13.913,98.7234,17.3913,98.7234,
222,174,13.913,102.128,10.4348,102.128,
222,221,13.913,102.128,13.913,98.7234,
222,223,13.913,102.128,13.913,105.532,
222,270,13.913,102.128,17.3913,102.128,
223,175,13.913,105.532,10.4348,105.532,
223,222,13.913,105.532,13.913,102.128,
223,224,13.913,105.532,13.913,108.936,
223,271,13.913,105.532,17.3913,105.532,
224,176,13.913,108.936,10.4348,108.936,
224,223,13.913,108.936,13.913,105.532,
224,225,13.913,108.936,13.913,112.34,
224,272,13.913,108.936,17.0661,108.936,
225,177,13.913,112.34,10.4348,112.34,
225,224,13.913,112.34,13.913,108.936,
225,226,13.913,112.34,13.913,113.379,
225,273,13.913,112.34,14.9474,112.34,
263,215,17.3913,78.2979,13.913,78.2979,
263,262,17.3913,78.2979,17.3913,76.1654,
263,264,17.3913,78.2979,17.3913,81.7021,
263,311,17.3913,78.2979,20.8696,78.2979,
264,216,17.3913,81.7021,13.913,81.7021,
264,263,17.3913,81.7021,17.3913,78.2979,
264,265,17.3913,81.7021,17.3913,85.1064,
264,312,17.3913,81.7021,20.8696,81.7021,
265,217,17.3913,85.1064,13.913,85.1064,
265,264,17.3913,85.1064,17.3913,81.7021,
265,266,17.3913,85.1064,17.3913,88.5106,
265,313,17.3913,85.1064,20.8696,85.1064,
266,218,17.3913,88.5106,13.913,88.5106,
266,265,17.3913,88.5106,17.3913,85.1064,
266,267,17.3913,88.5106,17.3913,91.9149,
266,314,17.3913,88.5106,20.8696,88.5106,
267,219,17.3913,91.9149,13.913,91.9149,
267,266,17.3913,91.9149,17.3913,88.5106,
267,268,17.3913,91.9149,17.3913,95.3192,
267,315,17.3913,91.9149,20.8696,91.9149,
268,220,17.3913,95.3192,13.913,95.3192,
268,267,17.3913,95.3192,17.3913,91.9149,
268,269,17.3913,95.3192,17.3913,98.7234,
268,316,17.3913,95.3192,20.8696,95.3192,
269,221,17.3913,98.7234,13.913,98.7234,
269,268,17.3913,98.7234,17.3913,95.3192,
269,270,17.3913,98.7234,17.3913,102.128,
269,317,17.3913,98.7234,19.0114,98.7234,
270,222,17.3913,102.128,13.913,102.128,
270,269,17.3913,102.128,17.3913,98.7234,
270,271,17.3913,102.128,17.3913,105.532,
270,318,17.3913,102.128,18.1379,102.128,
271,223,17.3913,105.532,13.913,105.532,
271,270,17.3913,105.532,17.3913,102.128,
271,272,17.3913,105.532,17.3913,107.625,
271,319,17.3913,105.532,17.783,105.532,
294,246,20.8696,20.4255,19.3892,20.4255,
294,293,20.8696,20.4255,20.8696,17.4276,
294,295,20.8696,20.4255,20.8696,23.8298,
294,342,20.8696,20.4255,24.3478,20.4255,
295,247,20.8696,23.8298,18.8046,23.8298,
295,294,20.8696,23.8298,20.8696,20.4255,
295,296,20.8696,23.8298,20.8696,27.234,
295,343,20.8696,23.8298,24.3478,23.8298,
296,248,20.8696,27.234,18.416,27.234,
296,295,20.8696,27.234,20.8696,23.8298,
296,297,20.8696,27.234,20.8696,30.6383,
296,344,20.8696,27.234,24.3478,27.234,
297,249,20.8696,30.6383,18.518,30.6383,
297,296,20.8696,30.6383,20.8696,27.234,
297,298,20.8696,30.6383,20.8696,34.0426,
297,345,20.8696,30.6383,24.3478,30.6383,
298,250,20.8696,34.0426,18.62,34.0426,
298,297,20.8696,34.0426,20.8696,30.6383,
298,299,20.8696,34.0426,20.8696,37.4468,
298,346,20.8696,34.0426,24.3478,34.0426,
299,251,20.8696,37.4468,18.722,37.4468,
299,298,20.8696,37.4468,20.8696,34.0426,
299,300,20.8696,37.4468,20.8696,40.8511,
299,347,20.8696,37.4468,24.3478,37.4468,
300,252,20.8696,40.8511,19.5756,40.8511,
300,299,20.8696,40.8511,20.8696,37.4468,
300,301,20.8696,40.8511,20.8696,44.2553,
300,348,20.8696,40.8511,24.3478,40.8511,
301,253,20.8696,44.2553,20.5341,44.2553,
301,300,20.8696,44.2553,20.8696,40.8511,
301,302,20.8696,44.2553,20.8696,45.2754,
301,349,20.8696,44.2553,24.3478,44.2553,
311,263,20.8696,78.2979,17.3913,78.2979,
311,310,20.8696,78.2979,20.8696,75.0487,
311,312,20.8696,78.2979,20.8696,81.7021,
311,359,20.8696,78.2979,24.3478,78.2979,
312,264,20.8696,81.7021,17.3913,81.7021,
312,311,20.8696,81.7021,20.8696,78.2979,
312,313,20.8696,81.7021,20.8696,85.1064,
312,360,20.8696,81.7021,24.3478,81.7021,
313,265,20.8696,85.1064,17.3913,85.1064,
313,312,20.8696,85.1064,20.8696,81.7021,
313,314,20.8696,85.1064,20.8696,88.5106,
313,361,20.8696,85.1064,24.3478,85.1064,
314,266,20.8696,88.5106,17.3913,88.5106,
314,313,20.8696,88.5106,20.8696,85.1064,
314,315,20.8696,88.5106,20.8696,91.9149,
314,362,20.8696,88.5106,24.3478,88.5106,
315,267,20.8696,91.9149,17.3913,91.9149,
315,314,20.8696,91.9149,20.8696,88.5106,
315,316,20.8696,91.9149,20.8696,95.3192,
315,363,20.8696,91.9149,24.3478,91.9149,
316,268,20.8696,95.3192,17.3913,95.3192,
316,315,20.8696,95.3192,20.8696,91.9149,
316,317,20.8696,95.3192,20.8696,95.703,
316,364,20.8696,95.3192,21.1057,95.3192,
341,293,24.3478,17.0213,21.4635,17.0213,
341,340,24.3478,17.0213,24.3478,15.0479,
341,342,24.3478,17.0213,24.3478,20.4255,
341,389,24.3478,17.0213,27.8261,17.0213,
342,294,24.3478,20.4255,20.8696,20.4255,
342,341,24.3478,20.4255,24.3478,17.0213,
342,343,24.3478,20.4255,24.3478,23.8298,
342,390,24.3478,20.4255,27.8261,20.4255,
343,295,24.3478,23.8298,20.8696,23.8298,
343,342,24.3478,23.8298,24.3478,20.4255,
343,344,24.3478,23.8298,24.3478,27.234,
343,391,24.3478,23.8298,27.8261,23.8298,
344,296,24.3478,27.234,20.8696,27.234,
344,343,24.3478,27.234,24.3478,23.8298,
344,345,24.3478,27.234,24.3478,30.6383,
344,392,24.3478,27.234,27.8261,27.234,
345,297,24.3478,30.6383,20.8696,30.6383,
345,344,24.3478,30.6383,24.3478,27.234,
345,346,24.3478,30.6383,24.3478,34.0426,
345,393,24.3478,30.6383,27.8261,30.6383,
346,298,24.3478,34.0426,20.8696,34.0426,
346,345,24.3478,34.0426,24.3478,30.6383,
346,347,24.3478,34.0426,24.3478,37.4468,
346,394,24.3478,34.0426,27.8261,34.0426,
347,299,24.3478,37.4468,20.8696,37.4468,
347,346,24.3478,37.4468,24.3478,34.0426,
347,348,24.3478,37.4468,24.3478,40.8511,
347,395,24.3478,37.4468,27.8261,37.4468,
348,300,24.3478,40.8511,20.8696,40.8511,
348,347,24.3478,40.8511,24.3478,37.4468,
348,349,24.3478,40.8511,24.3478,44.2553,
348,396,24.3478,40.8511,27.8261,40.8511,
349,301,24.3478,44.2553,20.8696,44.2553,
349,348,24.3478,44.2553,24.3478,40.8511,
349,350,24.3478,44.2553,24.3478,47.6265,
349,397,24.3478,44.2553,27.8261,44.2553,
358,310,24.3478,74.8936,21.3526,74.8936,
358,357,24.3478,74.8936,24.3478,73.5764,
358,359,24.3478,74.8936,24.3478,78.2979,
358,406,24.3478,74.8936,27.8261,74.8936,
359,311,24.3478,78.2979,20.8696,78.2979,
359,358,24.3478,78.2979,24.3478,74.8936,
359,360,24.3478,78.2979,24.3478,81.7021,
359,407,24.3478,78.2979,27.8261,78.2979,
360,312,24.3478,81.7021,20.8696,81.7021,
360,359,24.3478,81.7021,24.3478,78.2979,
360,361,24.3478,81.7021,24.3478,85.1064,
360,408,24.3478,81.7021,27.8261,81.7021,
361,313,24.3478,85.1064,20.8696,85.1064,
361,360,24.3478,85.1064,24.3478,81.7021,
361,362,24.3478,85.1064,24.3478,88.5106,
361,409,24.3478,85.1064,27.8261,85.1064,
362,314,24.3478,88.5106,20.8696,88.5106,
362,361,24.3478,88.5106,24.3478,85.1064,
362,363,24.3478,88.5106,24.3478,91.9149,
362,410,24.3478,88.5106,27.8261,88.5106,
363,315,24.3478,91.9149,20.8696,91.9149,
363,362,24.3478,91.9149,24.3478,88.5106,
363,364,24.3478,91.9149,24.3478,93.3203,
363,411,24.3478,91.9149,27.8261,91.9149,
388,340,27.8261,13.617,26.4969,13.617,
388,387,27.8261,13.617,27.8261,12.8022,
388,389,27.8261,13.617,27.8261,17.0213,
388,436,27.8261,13.617,31.3043,13.617,
389,341,27.8261,17.0213,24.3478,17.0213,
389,388,27.8261,17.0213,27.8261,13.617,
389,390,27.8261,17.0213,27.8261,20.4255,
389,437,27.8261,17.0213,31.3043,17.0213,
390,342,27.8261,20.4255,24.3478,20.4255,
390,389,27.8261,20.4255,27.8261,17.0213,
390,391,27.8261,20.4255,27.8261,23.8298,
390,438,27.8261,20.4255,31.3043,20.4255,
391,343,27.8261,23.8298,24.3478,23.8298,
391,390,27.8261,23.8298,27.8261,20.4255,
391,392,27.8261,23.8298,27.8261,27.234,
391,439,27.8261,23.8298,31.3043,23.8298,
392,344,27.8261,27.234,24.3478,27.234,
392,391,27.8261,27.234,27.8261,23.8298,
392,393,27.8261,27.234,27.8261,30.6383,
392,440,27.8261,27.234,31.3043,27.234,
393,345,27.8261,30.6383,24.3478,30.6383,
393,392,27.8261,30.6383,27.8261,27.234,
393,394,27.8261,30.6383,27.8261,34.0426,
393,441,27.8261,30.6383,31.3043,30.6383,
394,346,27.8261,34.0426,24.3478,34.0426,
394,393,27.8261,34.0426,27.8261,30.6383,
394,395,27.8261,34.0426,27.8261,37.4468,
394,442,27.8261,34.0426,31.3043,34.0426,
395,347,27.8261,37.4468,24.3478,37.4468,
395,394,27.8261,37.4468,27.8261,34.0426,
395,396,27.8261,37.4468,27.8261,40.8511,
395,443,27.8261,37.4468,31.3043,37.4468,
396,348,27.8261,40.8511,24.3478,40.8511,
396,395,27.8261,40.8511,27.8261,37.4468,
396,397,27.8261,40.8511,27.8261,44.2553,
396,444,27.8261,40.8511,31.3043,40.8511,
397,349,27.8261,44.2553,24.3478,44.2553,
397,396,27.8261,44.2553,27.8261,40.8511,
397,398,27.8261,44.2553,27.8261,47.6596,
397,445,27.8261,44.2553,31.3043,44.2553,
398,350,27.8261,47.6596,24.3745,47.6596,
398,397,27.8261,47.6596,27.8261,44.2553,
398,399,27.8261,47.6596,27.8261,51.0638,
398,446,27.8261,47.6596,31.3043,47.6596,
399,351,27.8261,51.0638,26.193,51.0638,
399,398,27.8261,51.0638,27.8261,47.6596,
399,400,27.8261,51.0638,27.8261,54.4681,
399,447,27.8261,51.0638,31.3043,51.0638,
400,352,27.8261,54.4681,27.5664,54.4681,
400,399,27.8261,54.4681,27.8261,51.0638,
400,401,27.8261,54.4681,27.8261,55.1119,
400,448,27.8261,54.4681,31.3043,54.4681,
405,357,27.8261,71.4894,26.2093,71.4894,
405,404,27.8261,71.4894,27.8261,69.6766,
405,406,27.8261,71.4894,27.8261,74.8936,
405,453,27.8261,71.4894,31.3043,71.4894,
406,358,27.8261,74.8936,24.3478,74.8936,
406,405,27.8261,74.8936,27.8261,71.4894,
406,407,27.8261,74.8936,27.8261,78.2979,
406,454,27.8261,74.8936,31.3043,74.8936,
407,359,27.8261,78.2979,24.3478,78.2979,
407,406,27.8261,78.2979,27.8261,74.8936,
407,408,27.8261,78.2979,27.8261,81.7021,
407,455,27.8261,78.2979,31.3043,78.2979,
408,360,27.8261,81.7021,24.3478,81.7021,
408,407,27.8261,81.7021,27.8261,78.2979,
408,409,27.8261,81.7021,27.8261,85.1064,
408,456,27.8261,81.7021,31.3043,81.7021,
409,361,27.8261,85.1064,24.3478,85.1064,
409,408,27.8261,85.1064,27.8261,81.7021,
409,410,27.8261,85.1064,27.8261,88.5106,
409,457,27.8261,85.1064,31.3043,85.1064,
410,362,27.8261,88.5106,24.3478,88.5106,
410,409,27.8261,88.5106,27.8261,85.1064,
410,411,27.8261,88.5106,27.8261,91.9149,
410,458,27.8261,88.5106,31.3043,88.5106,
411,363,27.8261,91.9149,24.3478,91.9149,
411,410,27.8261,91.9149,27.8261,88.5106,
411,412,27.8261,91.9149,27.8261,92.3464,
411,459,27.8261,91.9149,31.3043,91.9149,
436,388,31.3043,13.617,27.8261,13.617,
436,435,31.3043,13.617,31.3043,10.6698,
436,437,31.3043,13.617,31.3043,17.0213,
436,484,31.3043,13.617,34.7826,13.617,
437,389,31.3043,17.0213,27.8261,17.0213,
437,436,31.3043,17.0213,31.3043,13.617,
437,438,31.3043,17.0213,31.3043,20.4255,
437,485,31.3043,17.0213,34.7826,17.0213,
438,390,31.3043,20.4255,27.8261,20.4255,
438,437,31.3043,20.4255,31.3043,17.0213,
438,439,31.3043,20.4255,31.3043,23.8298,
438,486,31.3043,20.4255,34.7826,20.4255,
439,391,31.3043,23.8298,27.8261,23.8298,
439,438,31.3043,23.8298,31.3043,20.4255,
439,440,31.3043,23.8298,31.3043,27.234,
439,487,31.3043,23.8298,34.7826,23.8298,
440,392,31.3043,27.234,27.8261,27.234,
440,439,31.3043,27.234,31.3043,23.8298,
440,441,31.3043,27.234,31.3043,30.6383,
440,488,31.3043,27.234,34.7826,27.234,
441,393,31.3043,30.6383,27.8261,30.6383,
441,440,31.3043,30.6383,31.3043,27.234,
441,442,31.3043,30.6383,31.3043,34.0426,
441,489,31.3043,30.6383,34.7826,30.6383,
442,394,31.3043,34.0426,27.8261,34.0426,
442,441,31.3043,34.0426,31.3043,30.6383,
442,443,31.3043,34.0426,31.3043,37.4468,
442,490,31.3043,34.0426,34.7826,34.0426,
443,395,31.3043,37.4468,27.8261,37.4468,
443,442,31.3043,37.4468,31.3043,34.0426,
443,444,31.3043,37.4468,31.3043,40.8511,
443,491,31.3043,37.4468,34.7826,37.4468,
444,396,31.3043,40.8511,27.8261,40.8511,
444,443,31.3043,40.8511,31.3043,37.4468,
444,445,31.3043,40.8511,31.3043,44.2553,
444,492,31.3043,40.8511,34.7826,40.8511,
445,397,31.3043,44.2553,27.8261,44.2553,
445,444,31.3043,44.2553,31.3043,40.8511,
445,446,31.3043,44.2553,31.3043,47.6596,
445,493,31.3043,44.2553,34.7826,44.2553,
446,398,31.3043,47.6596,27.8261,47.6596,
446,445,31.3043,47.6596,31.3043,44.2553,
446,447,31.3043,47.6596,31.3043,51.0638,
446,494,31.3043,47.6596,34.7826,47.6596,
447,399,31.3043,51.0638,27.8261,51.0638,
447,446,31.3043,51.0638,31.3043,47.6596,
447,448,31.3043,51.0638,31.3043,54.4681,
447,495,31.3043,51.0638,34.7826,51.0638,
448,400,31.3043,54.4681,27.8261,54.4681,
448,447,31.3043,54.4681,31.3043,51.0638,
448,449,31.3043,54.4681,31.3043,57.8723,
448,496,31.3043,54.4681,34.7826,54.4681,
449,401,31.3043,57.8723,28.7967,57.8723,
449,448,31.3043,57.8723,31.3043,54.4681,
449,450,31.3043,57.8723,31.3043,61.2766,
449,497,31.3043,57.8723,34.7826,57.8723,
450,402,31.3043,61.2766,29.0922,61.2766,
450,449,31.3043,61.2766,31.3043,57.8723,
450,451,31.3043,61.2766,31.3043,64.6809,
450,498,31.3043,61.2766,34.7826,61.2766,
451,403,31.3043,64.6809,28.7469,64.6809,
451,450,31.3043,64.6809,31.3043,61.2766,
451,452,31.3043,64.6809,31.3043,68.0851,
451,499,31.3043,64.6809,34.7826,64.6809,
452,404,31.3043,68.0851,28.4016,68.0851,
452,451,31.3043,68.0851,31.3043,64.6809,
452,453,31.3043,68.0851,31.3043,71.4894,
452,500,31.3043,68.0851,34.7826,68.0851,
453,405,31.3043,71.4894,27.8261,71.4894,
453,452,31.3043,71.4894,31.3043,68.0851,
453,454,31.3043,71.4894,31.3043,74.8936,
453,501,31.3043,71.4894,34.7826,71.4894,
454,406,31.3043,74.8936,27.8261,74.8936,
454,453,31.3043,74.8936,31.3043,71.4894,
454,455,31.3043,74.8936,31.3043,78.2979,
454,502,31.3043,74.8936,34.7826,74.8936,
455,407,31.3043,78.2979,27.8261,78.2979,
455,454,31.3043,78.2979,31.3043,74.8936,
455,456,31.3043,78.2979,31.3043,81.7021,
455,503,31.3043,78.2979,34.7826,78.2979,
456,408,31.3043,81.7021,27.8261,81.7021,
456,455,31.3043,81.7021,31.3043,78.2979,
456,457,31.3043,81.7021,31.3043,85.1064,
456,504,31.3043,81.7021,34.7826,81.7021,
457,409,31.3043,85.1064,27.8261,85.1064,
457,456,31.3043,85.1064,31.3043,81.7021,
457,458,31.3043,85.1064,31.3043,88.5106,
457,505,31.3043,85.1064,34.7826,85.1064,
458,410,31.3043,88.5106,27.8261,88.5106,
458,457,31.3043,88.5106,31.3043,85.1064,
458,459,31.3043,88.5106,31.3043,91.9149,
458,506,31.3043,88.5106,34.7826,88.5106,
459,411,31.3043,91.9149,27.8261,91.9149,
459,458,31.3043,91.9149,31.3043,88.5106,
459,460,31.3043,91.9149,31.3043,92.0043,
459,507,31.3043,91.9149,34.7826,91.9149,
483,435,34.7826,10.2128,32.0499,10.2128,
483,482,34.7826,10.2128,34.7826,8.31026,
483,484,34.7826,10.2128,34.7826,13.617,
483,531,34.7826,10.2128,38.2609,10.2128,
484,436,34.7826,13.617,31.3043,13.617,
484,483,34.7826,13.617,34.7826,10.2128,
484,485,34.7826,13.617,34.7826,17.0213,
484,532,34.7826,13.617,38.2609,13.617,
485,437,34.7826,17.0213,31.3043,17.0213,
485,484,34.7826,17.0213,34.7826,13.617,
485,486,34.7826,17.0213,34.7826,20.4255,
485,533,34.7826,17.0213,38.2609,17.0213,
486,438,34.7826,20.4255,31.3043,20.4255,
486,485,34.7826,20.4255,34.7826,17.0213,
486,487,34.7826,20.4255,34.7826,23.8298,
486,534,34.7826,20.4255,38.2609,20.4255,
487,439,34.7826,23.8298,31.3043,23.8298,
487,486,34.7826,23.8298,34.7826,20.4255,
487,488,34.7826,23.8298,34.7826,27.234,
487,535,34.7826,23.8298,38.2609,23.8298,
488,440,34.7826,27.234,31.3043,27.234,
488,487,34.7826,27.234,34.7826,23.8298,
488,489,34.7826,27.234,34.7826,30.6383,
488,536,34.7826,27.234,38.2609,27.234,
489,441,34.7826,30.6383,31.3043,30.6383,
489,488,34.7826,30.6383,34.7826,27.234,
489,490,34.7826,30.6383,34.7826,34.0426,
489,537,34.7826,30.6383,38.2609,30.6383,
490,442,34.7826,34.0426,31.3043,34.0426,
490,489,34.7826,34.0426,34.7826,30.6383,
490,491,34.7826,34.0426,34.7826,37.4468,
490,538,34.7826,34.0426,38.2609,34.0426,
491,443,34.7826,37.4468,31.3043,37.4468,
491,490,34.7826,37.4468,34.7826,34.0426,
491,492,34.7826,37.4468,34.7826,40.8511,
491,539,34.7826,37.4468,38.2609,37.4468,
492,444,34.7826,40.8511,31.3043,40.8511,
492,491,34.7826,40.8511,34.7826,37.4468,
492,493,34.7826,40.8511,34.7826,44.2553,
492,540,34.7826,40.8511,38.2609,40.8511,
493,445,34.7826,44.2553,31.3043,44.2553,
493,492,34.7826,44.2553,34.7826,40.8511,
493,494,34.7826,44.2553,34.7826,47.6596,
493,541,34.7826,44.2553,38.2609,44.2553,
494,446,34.7826,47.6596,31.3043,47.6596,
494,493,34.7826,47.6596,34.7826,44.2553,
494,495,34.7826,47.6596,34.7826,51.0638,
494,542,34.7826,47.6596,38.2609,47.6596,
495,447,34.7826,51.0638,31.3043,51.0638,
495,494,34.7826,51.0638,34.7826,47.6596,
495,496,34.7826,51.0638,34.7826,54.4681,
495,543,34.7826,51.0638,38.2609,51.0638,
496,448,34.7826,54.4681,31.3043,54.4681,
496,495,34.7826,54.4681,34.7826,51.0638,
496,497,34.7826,54.4681,34.7826,57.8723,
496,544,34.7826,54.4681,38.2609,54.4681,
497,449,34.7826,57.8723,31.3043,57.8723,
497,496,34.7826,57.8723,34.7826,54.4681,
497,498,34.7826,57.8723,34.7826,61.2766,
497,545,34.7826,57.8723,38.2609,57.8723,
498,450,34.7826,61.2766,31.3043,61.2766,
498,497,34.7826,61.2766,34.7826,57.8723,
498,499,34.7826,61.2766,34.7826,64.6809,
498,546,34.7826,61.2766,38.2609,61.2766,
499,451,34.7826,64.6809,31.3043,64.6809,
499,498,34.7826,64.6809,34.7826,61.2766,
499,500,34.7826,64.6809,34.7826,68.0851,
499,547,34.7826,64.6809,38.2609,64.6809,
500,452,34.7826,68.0851,31.3043,68.0851,
500,499,34.7826,68.0851,34.7826,64.6809,
500,501,34.7826,68.0851,34.7826,71.4894,
500,548,34.7826,68.0851,38.2609,68.0851,
501,453,34.7826,71.4894,31.3043,71.4894,
501,500,34.7826,71.4894,34.7826,68.0851,
501,502,34.7826,71.4894,34.7826,74.8936,
501,549,34.7826,71.4894,38.2609,71.4894,
502,454,34.7826,74.8936,31.3043,74.8936,
502,501,34.7826,74.8936,34.7826,71.4894,
502,503,34.7826,74.8936,34.7826,78.2979,
502,550,34.7826,74.8936,38.2609,74.8936,
503,455,34.7826,78.2979,31.3043,78.2979,
503,502,34.7826,78.2979,34.7826,74.8936,
503,504,34.7826,78.2979,34.7826,81.7021,
503,551,34.7826,78.2979,38.2609,78.2979,
504,456,34.7826,81.7021,31.3043,81.7021,
504,503,34.7826,81.7021,34.7826,78.2979,
504,505,34.7826,81.7021,34.7826,85.1064,
504,552,34.7826,81.7021,38.2609,81.7021,
505,457,34.7826,85.1064,31.3043,85.1064,
505,504,34.7826,85.1064,34.7826,81.7021,
505,506,34.7826,85.1064,34.7826,88.5106,
505,553,34.7826,85.1064,38.2609,85.1064,
506,458,34.7826,88.5106,31.3043,88.5106,
506,505,34.7826,88.5106,34.7826,85.1064,
506,507,34.7826,88.5106,34.7826,91.9149,
506,554,34.7826,88.5106,38.2609,88.5106,
507,459,34.7826,91.9149,31.3043,91.9149,
507,506,34.7826,91.9149,34.7826,88.5106,
507,508,34.7826,91.9149,34.7826,93.7258,
507,555,34.7826,91.9149,38.2609,91.9149,
530,482,38.2609,6.80851,36.9195,6.80851,
530,529,38.2609,6.80851,38.2609,6.20647,
530,531,38.2609,6.80851,38.2609,10.2128,
530,578,38.2609,6.80851,41.7391,6.80851,
531,483,38.2609,10.2128,34.7826,10.2128,
531,530,38.2609,10.2128,38.2609,6.80851,
531,532,38.2609,10.2128,38.2609,13.617,
531,579,38.2609,10.2128,41.7391,10.2128,
532,484,38.2609,13.617,34.7826,13.617,
532,531,38.2609,13.617,38.2609,10.2128,
532,533,38.2609,13.617,38.2609,17.0213,
532,580,38.2609,13.617,41.7391,13.617,
533,485,38.2609,17.0213,34.7826,17.0213,
533,532,38.2609,17.0213,38.2609,13.617,
533,534,38.2609,17.0213,38.2609,20.4255,
533,581,38.2609,17.0213,41.7391,17.0213,
534,486,38.2609,20.4255,34.7826,20.4255,
534,533,38.2609,20.4255,38.2609,17.0213,
534,535,38.2609,20.4255,38.2609,23.8298,
534,582,38.2609,20.4255,41.7391,20.4255,
535,487,38.2609,23.8298,34.7826,23.8298,
535,534,38.2609,23.8298,38.2609,20.4255,
535,536,38.2609,23.8298,38.2609,27.234,
535,583,38.2609,23.8298,41.7391,23.8298,
536,488,38.2609,27.234,34.7826,27.234,
536,535,38.2609,27.234,38.2609,23.8298,
536,537,38.2609,27.234,38.2609,30.6383,
536,584,38.2609,27.234,41.7391,27.234,
537,489,38.2609,30.6383,34.7826,30.6383,
537,536,38.2609,30.6383,38.2609,27.234,
537,538,38.2609,30.6383,38.2609,34.0426,
537,585,38.2609,30.6383,41.7391,30.6383,
538,490,38.2609,34.0426,34.7826,34.0426,
538,537,38.2609,34.0426,38.2609,30.6383,
538,539,38.2609,34.0426,38.2609,37.4468,
538,586,38.2609,34.0426,41.7391,34.0426,
539,491,38.2609,37.4468,34.7826,37.4468,
539,538,38.2609,37.4468,38.2609,34.0426,
539,540,38.2609,37.4468,38.2609,40.8511,
539,587,38.2609,37.4468,41.7391,37.4468,
540,492,38.2609,40.8511,34.7826,40.8511,
540,539,38.2609,40.8511,38.2609,37.4468,
540,541,38.2609,40.8511,38.2609,44.2553,
540,588,38.2609,40.8511,41.7391,40.8511,
541,493,38.2609,44.2553,34.7826,44.2553,
541,540,38.2609,44.2553,38.2609,40.8511,
541,542,38.2609,44.2553,38.2609,47.6596,
541,589,38.2609,44.2553,41.7391,44.2553,
542,494,38.2609,47.6596,34.7826,47.6596,
542,541,38.2609,47.6596,38.2609,44.2553,
542,543,38.2609,47.6596,38.2609,51.0638,
542,590,38.2609,47.6596,41.7391,47.6596,
543,495,38.2609,51.0638,34.7826,51.0638,
543,542,38.2609,51.0638,38.2609,47.6596,
543,544,38.2609,51.0638,38.2609,54.4681,
543,591,38.2609,51.0638,41.7391,51.0638,
544,496,38.2609,54.4681,34.7826,54.4681,
544,543,38.2609,54.4681,38.2609,51.0638,
544,545,38.2609,54.4681,38.2609,57.8723,
544,592,38.2609,54.4681,41.7391,54.4681,
545,497,38.2609,57.8723,34.7826,57.8723,
545,544,38.2609,57.8723,38.2609,54.4681,
545,546,38.2609,57.8723,38.2609,61.2766,
545,593,38.2609,57.8723,41.7391,57.8723,
546,498,38.2609,61.2766,34.7826,61.2766,
546,545,38.2609,61.2766,38.2609,57.8723,
546,547,38.2609,61.2766,38.2609,64.6809,
546,594,38.2609,61.2766,41.7391,61.2766,
547,499,38.2609,64.6809,34.7826,64.6809,
547,546,38.2609,64.6809,38.2609,61.2766,
547,548,38.2609,64.6809,38.2609,68.0851,
547,595,38.2609,64.6809,41.7391,64.6809,
548,500,38.2609,68.0851,34.7826,68.0851,
548,547,38.2609,68.0851,38.2609,64.6809,
548,549,38.2609,68.0851,38.2609,71.4894,
548,596,38.2609,68.0851,41.7391,68.0851,
549,501,38.2609,71.4894,34.7826,71.4894,
549,548,38.2609,71.4894,38.2609,68.0851,
549,550,38.2609,71.4894,38.2609,74.8936,
549,597,38.2609,71.4894,41.7391,71.4894,
550,502,38.2609,74.8936,34.7826,74.8936,
550,549,38.2609,74.8936,38.2609,71.4894,
550,551,38.2609,74.8936,38.2609,78.2979,
550,598,38.2609,74.8936,41.7391,74.8936,
551,503,38.2609,78.2979,34.7826,78.2979,
551,550,38.2609,78.2979,38.2609,74.8936,
551,552,38.2609,78.2979,38.2609,81.7021,
551,599,38.2609,78.2979,41.7391,78.2979,
552,504,38.2609,81.7021,34.7826,81.7021,
552,551,38.2609,81.7021,38.2609,78.2979,
552,553,38.2609,81.7021,38.2609,85.1064,
552,600,38.2609,81.7021,41.7391,81.7021,
553,505,38.2609,85.1064,34.7826,85.1064,
553,552,38.2609,85.1064,38.2609,81.7021,
553,554,38.2609,85.1064,38.2609,88.5106,
553,601,38.2609,85.1064,41.7391,85.1064,
554,506,38.2609,88.5106,34.7826,88.5106,
554,553,38.2609,88.5106,38.2609,85.1064,
554,555,38.2609,88.5106,38.2609,91.9149,
554,602,38.2609,88.5106,41.7391,88.5106,
555,507,38.2609,91.9149,34.7826,91.9149,
555,554,38.2609,91.9149,38.2609,88.5106,
555,556,38.2609,91.9149,38.2609,95.3192,
555,603,38.2609,91.9149,41.7391,91.9149,
556,508,38.2609,95.3192,36.2267,95.3192,
556,555,38.2609,95.3192,38.2609,91.9149,
556,557,38.2609,95.3192,38.2609,97.9465,
556,604,38.2609,95.3192,41.7391,95.3192,
561,513,38.2609,112.34,38.0119,112.34,
561,560,38.2609,112.34,38.2609,110.605,
561,562,38.2609,112.34,38.2609,115.745,
561,609,38.2609,112.34,41.7391,112.34,
562,514,38.2609,115.745,37.5236,115.745,
562,561,38.2609,115.745,38.2609,112.34,
562,563,38.2609,115.745,38.2609,119.149,
562,610,38.2609,115.745,41.7391,115.745,
563,515,38.2609,119.149,37.0354,119.149,
563,562,38.2609,119.149,38.2609,115.745,
563,564,38.2609,119.149,38.2609,122.553,
563,611,38.2609,119.149,41.7391,119.149,
564,516,38.2609,122.553,36.8042,122.553,
564,563,38.2609,122.553,38.2609,119.149,
564,565,38.2609,122.553,38.2609,125.957,
564,612,38.2609,122.553,41.7391,122.553,
565,517,38.2609,125.957,36.7028,125.957,
565,564,38.2609,125.957,38.2609,122.553,
565,566,38.2609,125.957,38.2609,129.362,
565,613,38.2609,125.957,41.7391,125.957,
566,518,38.2609,129.362,36.6015,129.362,
566,565,38.2609,129.362,38.2609,125.957,
566,567,38.2609,129.362,38.2609,132.766,
566,614,38.2609,129.362,41.7391,129.362,
567,519,38.2609,132.766,37.0562,132.766,
567,566,38.2609,132.766,38.2609,129.362,
567,568,38.2609,132.766,38.2609,136.17,
567,615,38.2609,132.766,41.7391,132.766,
568,520,38.2609,136.17,37.9368,136.17,
568,567,38.2609,136.17,38.2609,132.766,
568,569,38.2609,136.17,38.2609,137.423,
568,616,38.2609,136.17,41.7391,136.17,
578,530,41.7391,6.80851,38.2609,6.80851,
578,577,41.7391,6.80851,41.7391,6.01686,
578,579,41.7391,6.80851,41.7391,10.2128,
578,626,41.7391,6.80851,45.2174,6.80851,
579,531,41.7391,10.2128,38.2609,10.2128,
579,578,41.7391,10.2128,41.7391,6.80851,
579,580,41.7391,10.2128,41.7391,13.617,
579,627,41.7391,10.2128,45.2174,10.2128,
580,532,41.7391,13.617,38.2609,13.617,
580,579,41.7391,13.617,41.7391,10.2128,
580,581,41.7391,13.617,41.7391,17.0213,
580,628,41.7391,13.617,45.2174,13.617,
581,533,41.7391,17.0213,38.2609,17.0213,
581,580,41.7391,17.0213,41.7391,13.617,
581,582,41.7391,17.0213,41.7391,20.4255,
581,629,41.7391,17.0213,45.2174,17.0213,
582,534,41.7391,20.4255,38.2609,20.4255,
582,581,41.7391,20.4255,41.7391,17.0213,
582,583,41.7391,20.4255,41.7391,23.8298,
582,630,41.7391,20.4255,45.2174,20.4255,
583,535,41.7391,23.8298,38.2609,23.8298,
583,582,41.7391,23.8298,41.7391,20.4255,
583,584,41.7391,23.8298,41.7391,27.234,
583,631,41.7391,23.8298,45.2174,23.8298,
584,536,41.7391,27.234,38.2609,27.234,
584,583,41.7391,27.234,41.7391,23.8298,
584,585,41.7391,27.234,41.7391,30.6383,
584,632,41.7391,27.234,45.2174,27.234,
585,537,41.7391,30.6383,38.2609,30.6383,
585,584,41.7391,30.6383,41.7391,27.234,
585,586,41.7391,30.6383,41.7391,34.0426,
585,633,41.7391,30.6383,45.2174,30.6383,
586,538,41.7391,34.0426,38.2609,34.0426,
586,585,41.7391,34.0426,41.7391,30.6383,
586,587,41.7391,34.0426,41.7391,37.4468,
586,634,41.7391,34.0426,45.2174,34.0426,
587,539,41.7391,37.4468,38.2609,37.4468,
587,586,41.7391,37.4468,41.7391,34.0426,
587,588,41.7391,37.4468,41.7391,40.8511,
587,635,41.7391,37.4468,45.2174,37.4468,
588,540,41.7391,40.8511,38.2609,40.8511,
588,587,41.7391,40.8511,41.7391,37.4468,
588,589,41.7391,40.8511,41.7391,44.2553,
588,636,41.7391,40.8511,45.2174,40.8511,
589,541,41.7391,44.2553,38.2609,44.2553,
589,588,41.7391,44.2553,41.7391,40.8511,
589,590,41.7391,44.2553,41.7391,47.6596,
589,637,41.7391,44.2553,45.2174,44.2553,
590,542,41.7391,47.6596,38.2609,47.6596,
590,589,41.7391,47.6596,41.7391,44.2553,
590,591,41.7391,47.6596,41.7391,51.0638,
590,638,41.7391,47.6596,45.2174,47.6596,
591,543,41.7391,51.0638,38.2609,51.0638,
591,590,41.7391,51.0638,41.7391,47.6596,
591,592,41.7391,51.0638,41.7391,54.4681,
591,639,41.7391,51.0638,45.2174,51.0638,
592,544,41.7391,54.4681,38.2609,54.4681,
592,591,41.7391,54.4681,41.7391,51.0638,
592,593,41.7391,54.4681,41.7391,57.8723,
592,640,41.7391,54.4681,45.2174,54.4681,
593,545,41.7391,57.8723,38.2609,57.8723,
593,592,41.7391,57.8723,41.7391,54.4681,
593,594,41.7391,57.8723,41.7391,61.2766,
593,641,41.7391,57.8723,45.2174,57.8723,
594,546,41.7391,61.2766,38.2609,61.2766,
594,593,41.7391,61.2766,41.7391,57.8723,
594,595,41.7391,61.2766,41.7391,64.6809,
594,642,41.7391,61.2766,45.2174,61.2766,
595,547,41.7391,64.6809,38.2609,64.6809,
595,594,41.7391,64.6809,41.7391,61.2766,
595,596,41.7391,64.6809,41.7391,68.0851,
595,643,41.7391,64.6809,45.2174,64.6809,
596,548,41.7391,68.0851,38.2609,68.0851,
596,595,41.7391,68.0851,41.7391,64.6809,
596,597,41.7391,68.0851,41.7391,71.4894,
596,644,41.7391,68.0851,45.2174,68.0851,
597,549,41.7391,71.4894,38.2609,71.4894,
597,596,41.7391,71.4894,41.7391,68.0851,
597,598,41.7391,71.4894,41.7391,74.8936,
597,645,41.7391,71.4894,45.2174,71.4894,
598,550,41.7391,74.8936,38.2609,74.8936,
598,597,41.7391,74.8936,41.7391,71.4894,
598,599,41.7391,74.8936,41.7391,78.2979,
598,646,41.7391,74.8936,45.2174,74.8936,
599,551,41.7391,78.2979,38.2609,78.2979,
599,598,41.7391,78.2979,41.7391,74.8936,
599,600,41.7391,78.2979,41.7391,81.7021,
599,647,41.7391,78.2979,45.2174,78.2979,
600,552,41.7391,81.7021,38.2609,81.7021,
600,599,41.7391,81.7021,41.7391,78.2979,
600,601,41.7391,81.7021,41.7391,85.1064,
600,648,41.7391,81.7021,45.2174,81.7021,
601,553,41.7391,85.1064,38.2609,85.1064,
601,600,41.7391,85.1064,41.7391,81.7021,
601,602,41.7391,85.1064,41.7391,88.5106,
601,649,41.7391,85.1064,45.2174,85.1064,
602,554,41.7391,88.5106,38.2609,88.5106,
602,601,41.7391,88.5106,41.7391,85.1064,
602,603,41.7391,88.5106,41.7391,91.9149,
602,650,41.7391,88.5106,45.2174,88.5106,
603,555,41.7391,91.9149,38.2609,91.9149,
603,602,41.7391,91.9149,41.7391,88.5106,
603,604,41.7391,91.9149,41.7391,95.3192,
603,651,41.7391,91.9149,45.2174,91.9149,
604,556,41.7391,95.3192,38.2609,95.3192,
604,603,41.7391,95.3192,41.7391,91.9149,
604,605,41.7391,95.3192,41.7391,98.7234,
604,652,41.7391,95.3192,45.2174,95.3192,
605,557,41.7391,98.7234,38.3223,98.7234,
605,604,41.7391,98.7234,41.7391,95.3192,
605,606,41.7391,98.7234,41.7391,102.128,
605,653,41.7391,98.7234,45.2174,98.7234,
606,558,41.7391,102.128,38.4873,102.128,
606,605,41.7391,102.128,41.7391,98.7234,
606,607,41.7391,102.128,41.7391,105.532,
606,654,41.7391,102.128,45.2174,102.128,
607,559,41.7391,105.532,38.6524,105.532,
607,606,41.7391,105.532,41.7391,102.128,
607,608,41.7391,105.532,41.7391,108.936,
607,655,41.7391,105.532,45.2174,105.532,
608,560,41.7391,108.936,38.5002,108.936,
608,607,41.7391,108.936,41.7391,105.532,
608,609,41.7391,108.936,41.7391,112.34,
608,656,41.7391,108.936,45.2174,108.936,
609,561,41.7391,112.34,38.2609,112.34,
609,608,41.7391,112.34,41.7391,108.936,
609,610,41.7391,112.34,41.7391,115.745,
609,657,41.7391,112.34,45.2174,112.34,
610,562,41.7391,115.745,38.2609,115.745,
610,609,41.7391,115.745,41.7391,112.34,
610,611,41.7391,115.745,41.7391,119.149,
610,658,41.7391,115.745,45.2174,115.745,
611,563,41.7391,119.149,38.2609,119.149,
611,610,41.7391,119.149,41.7391,115.745,
611,612,41.7391,119.149,41.7391,122.553,
611,659,41.7391,119.149,45.2174,119.149,
612,564,41.7391,122.553,38.2609,122.553,
612,611,41.7391,122.553,41.7391,119.149,
612,613,41.7391,122.553,41.7391,125.957,
612,660,41.7391,122.553,45.2174,122.553,
613,565,41.7391,125.957,38.2609,125.957,
613,612,41.7391,125.957,41.7391,122.553,
613,614,41.7391,125.957,41.7391,129.362,
613,661,41.7391,125.957,45.2174,125.957,
614,566,41.7391,129.362,38.2609,129.362,
614,613,41.7391,129.362,41.7391,125.957,
614,615,41.7391,129.362,41.7391,132.766,
614,662,41.7391,129.362,45.2174,129.362,
615,567,41.7391,132.766,38.2609,132.766,
615,614,41.7391,132.766,41.7391,129.362,
615,616,41.7391,132.766,41.7391,136.17,
615,663,41.7391,132.766,45.2174,132.766,
616,568,41.7391,136.17,38.2609,136.17,
616,615,41.7391,136.17,41.7391,132.766,
616,617,41.7391,136.17,41.7391,139.574,
616,664,41.7391,136.17,45.2174,136.17,
617,569,41.7391,139.574,38.8031,139.574,
617,616,41.7391,139.574,41.7391,136.17,
617,618,41.7391,139.574,41.7391,142.979,
617,665,41.7391,139.574,45.2174,139.574,
618,570,41.7391,142.979,39.4624,142.979,
618,617,41.7391,142.979,41.7391,139.574,
618,619,41.7391,142.979,41.7391,146.383,
618,666,41.7391,142.979,45.2174,142.979,
619,571,41.7391,146.383,40.452,146.383,
619,618,41.7391,146.383,41.7391,142.979,
619,620,41.7391,146.383,41.7391,148.315,
619,667,41.7391,146.383,45.2174,146.383,
626,578,45.2174,6.80851,41.7391,6.80851,
626,625,45.2174,6.80851,45.2174,5.99584,
626,627,45.2174,6.80851,45.2174,10.2128,
626,674,45.2174,6.80851,48.6957,6.80851,
627,579,45.2174,10.2128,41.7391,10.2128,
627,626,45.2174,10.2128,45.2174,6.80851,
627,628,45.2174,10.2128,45.2174,13.617,
627,675,45.2174,10.2128,48.6957,10.2128,
628,580,45.2174,13.617,41.7391,13.617,
628,627,45.2174,13.617,45.2174,10.2128,
628,629,45.2174,13.617,45.2174,17.0213,
628,676,45.2174,13.617,48.6957,13.617,
629,581,45.2174,17.0213,41.7391,17.0213,
629,628,45.2174,17.0213,45.2174,13.617,
629,630,45.2174,17.0213,45.2174,20.4255,
629,677,45.2174,17.0213,48.6957,17.0213,
630,582,45.2174,20.4255,41.7391,20.4255,
630,629,45.2174,20.4255,45.2174,17.0213,
630,631,45.2174,20.4255,45.2174,23.8298,
630,678,45.2174,20.4255,48.6957,20.4255,
631,583,45.2174,23.8298,41.7391,23.8298,
631,630,45.2174,23.8298,45.2174,20.4255,
631,632,45.2174,23.8298,45.2174,27.234,
631,679,45.2174,23.8298,48.6957,23.8298,
632,584,45.2174,27.234,41.7391,27.234,
632,631,45.2174,27.234,45.2174,23.8298,
632,633,45.2174,27.234,45.2174,30.6383,
632,680,45.2174,27.234,48.6957,27.234,
633,585,45.2174,30.6383,41.7391,30.6383,
633,632,45.2174,30.6383,45.2174,27.234,
633,634,45.2174,30.6383,45.2174,34.0426,
633,681,45.2174,30.6383,48.6957,30.6383,
634,586,45.2174,34.0426,41.7391,34.0426,
634,633,45.2174,34.0426,45.2174,30.6383,
634,635,45.2174,34.0426,45.2174,37.4468,
634,682,45.2174,34.0426,48.6957,34.0426,
635,587,45.2174,37.4468,41.7391,37.4468,
635,634,45.2174,37.4468,45.2174,34.0426,
635,636,45.2174,37.4468,45.2174,40.8511,
635,683,45.2174,37.4468,48.6957,37.4468,
636,588,45.2174,40.8511,41.7391,40.8511,
636,635,45.2174,40.8511,45.2174,37.4468,
636,637,45.2174,40.8511,45.2174,44.2553,
636,684,45.2174,40.8511,48.6957,40.8511,
637,589,45.2174,44.2553,41.7391,44.2553,
637,636,45.2174,44.2553,45.2174,40.8511,
637,638,45.2174,44.2553,45.2174,47.6596,
637,685,45.2174,44.2553,48.6957,44.2553,
638,590,45.2174,47.6596,41.7391,47.6596,
638,637,45.2174,47.6596,45.2174,44.2553,
638,639,45.2174,47.6596,45.2174,51.0638,
638,686,45.2174,47.6596,48.6957,47.6596,
639,591,45.2174,51.0638,41.7391,51.0638,
639,638,45.2174,51.0638,45.2174,47.6596,
639,640,45.2174,51.0638,45.2174,54.4681,
639,687,45.2174,51.0638,48.6957,51.0638,
640,592,45.2174,54.4681,41.7391,54.4681,
640,639,45.2174,54.4681,45.2174,51.0638,
640,641,45.2174,54.4681,45.2174,57.8723,
640,688,45.2174,54.4681,48.6957,54.4681,
641,593,45.2174,57.8723,41.7391,57.8723,
641,640,45.2174,57.8723,45.2174,54.4681,
641,642,45.2174,57.8723,45.2174,61.2766,
641,689,45.2174,57.8723,48.6957,57.8723,
642,594,45.2174,61.2766,41.7391,61.2766,
642,641,45.2174,61.2766,45.2174,57.8723,
642,643,45.2174,61.2766,45.2174,64.6809,
642,690,45.2174,61.2766,48.6957,61.2766,
643,595,45.2174,64.6809,41.7391,64.6809,
643,642,45.2174,64.6809,45.2174,61.2766,
643,644,45.2174,64.6809,45.2174,68.0851,
643,691,45.2174,64.6809,48.6957,64.6809,
644,596,45.2174,68.0851,41.7391,68.0851,
644,643,45.2174,68.0851,45.2174,64.6809,
644,645,45.2174,68.0851,45.2174,71.4894,
644,692,45.2174,68.0851,48.6957,68.0851,
645,597,45.2174,71.4894,41.7391,71.4894,
645,644,45.2174,71.4894,45.2174,68.0851,
645,646,45.2174,71.4894,45.2174,74.8936,
645,693,45.2174,71.4894,48.6957,71.4894,
646,598,45.2174,74.8936,41.7391,74.8936,
646,645,45.2174,74.8936,45.2174,71.4894,
646,647,45.2174,74.8936,45.2174,78.2979,
646,694,45.2174,74.8936,48.6957,74.8936,
647,599,45.2174,78.2979,41.7391,78.2979,
647,646,45.2174,78.2979,45.2174,74.8936,
647,648,45.2174,78.2979,45.2174,81.7021,
647,695,45.2174,78.2979,48.6957,78.2979,
648,600,45.2174,81.7021,41.7391,81.7021,
648,647,45.2174,81.7021,45.2174,78.2979,
648,649,45.2174,81.7021,45.2174,85.1064,
648,696,45.2174,81.7021,48.6957,81.7021,
649,601,45.2174,85.1064,41.7391,85.1064,
649,648,45.2174,85.1064,45.2174,81.7021,
649,650,45.2174,85.1064,45.2174,88.5106,
649,697,45.2174,85.1064,48.6957,85.1064,
650,602,45.2174,88.5106,41.7391,88.5106,
650,649,45.2174,88.5106,45.2174,85.1064,
650,651,45.2174,88.5106,45.2174,91.9149,
650,698,45.2174,88.5106,48.6957,88.5106,
651,603,45.2174,91.9149,41.7391,91.9149,
651,650,45.2174,91.9149,45.2174,88.5106,
651,652,45.2174,91.9149,45.2174,95.3192,
651,699,45.2174,91.9149,48.6957,91.9149,
652,604,45.2174,95.3192,41.7391,95.3192,
652,651,45.2174,95.3192,45.2174,91.9149,
652,653,45.2174,95.3192,45.2174,98.7234,
652,700,45.2174,95.3192,48.6957,95.3192,
653,605,45.2174,98.7234,41.7391,98.7234,
653,652,45.2174,98.7234,45.2174,95.3192,
653,654,45.2174,98.7234,45.2174,102.128,
653,701,45.2174,98.7234,48.6957,98.7234,
654,606,45.2174,102.128,41.7391,102.128,
654,653,45.2174,102.128,45.2174,98.7234,
654,655,45.2174,102.128,45.2174,105.532,
654,702,45.2174,102.128,48.6957,102.128,
655,607,45.2174,105.532,41.7391,105.532,
655,654,45.2174,105.532,45.2174,102.128,
655,656,45.2174,105.532,45.2174,108.936,
655,703,45.2174,105.532,48.6957,105.532,
656,608,45.2174,108.936,41.7391,108.936,
656,655,45.2174,108.936,45.2174,105.532,
656,657,45.2174,108.936,45.2174,112.34,
656,704,45.2174,108.936,48.6957,108.936,
657,609,45.2174,112.34,41.7391,112.34,
657,656,45.2174,112.34,45.2174,108.936,
657,658,45.2174,112.34,45.2174,115.745,
657,705,45.2174,112.34,48.6957,112.34,
658,610,45.2174,115.745,41.7391,115.745,
658,657,45.2174,115.745,45.2174,112.34,
658,659,45.2174,115.745,45.2174,119.149,
658,706,45.2174,115.745,48.6957,115.745,
659,611,45.2174,119.149,41.7391,119.149,
659,658,45.2174,119.149,45.2174,115.745,
659,660,45.2174,119.149,45.2174,122.553,
659,707,45.2174,119.149,48.6957,119.149,
660,612,45.2174,122.553,41.7391,122.553,
660,659,45.2174,122.553,45.2174,119.149,
660,661,45.2174,122.553,45.2174,125.957,
660,708,45.2174,122.553,48.6957,122.553,
661,613,45.2174,125.957,41.7391,125.957,
661,660,45.2174,125.957,45.2174,122.553,
661,662,45.2174,125.957,45.2174,129.362,
661,709,45.2174,125.957,48.6957,125.957,
662,614,45.2174,129.362,41.7391,129.362,
662,661,45.2174,129.362,45.2174,125.957,
662,663,45.2174,129.362,45.2174,132.766,
662,710,45.2174,129.362,48.6957,129.362,
663,615,45.2174,132.766,41.7391,132.766,
663,662,45.2174,132.766,45.2174,129.362,
663,664,45.2174,132.766,45.2174,136.17,
663,711,45.2174,132.766,48.6957,132.766,
664,616,45.2174,136.17,41.7391,136.17,
664,663,45.2174,136.17,45.2174,132.766,
664,665,45.2174,136.17,45.2174,139.574,
664,712,45.2174,136.17,48.6957,136.17,
665,617,45.2174,139.574,41.7391,139.574,
665,664,45.2174,139.574,45.2174,136.17,
665,666,45.2174,139.574,45.2174,142.979,
665,713,45.2174,139.574,48.6957,139.574,
666,618,45.2174,142.979,41.7391,142.979,
666,665,45.2174,142.979,45.2174,139.574,
666,667,45.2174,142.979,45.2174,146.383,
666,714,45.2174,142.979,48.6957,142.979,
667,619,45.2174,146.383,41.7391,146.383,
667,666,45.2174,146.383,45.2174,142.979,
667,668,45.2174,146.383,45.2174,149.787,
667,715,45.2174,146.383,48.6957,146.383,
668,620,45.2174,149.787,43.4314,149.787,
668,667,45.2174,149.787,45.2174,146.383,
668,669,45.2174,149.787,45.2174,151.042,
668,716,45.2174,149.787,48.6957,149.787,
674,626,48.6957,6.80851,45.2174,6.80851,
674,673,48.6957,6.80851,48.6957,6.21541,
674,675,48.6957,6.80851,48.6957,10.2128,
674,722,48.6957,6.80851,52.1739,6.80851,
675,627,48.6957,10.2128,45.2174,10.2128,
675,674,48.6957,10.2128,48.6957,6.80851,
675,676,48.6957,10.2128,48.6957,13.617,
675,723,48.6957,10.2128,52.1739,10.2128,
676,628,48.6957,13.617,45.2174,13.617,
676,675,48.6957,13.617,48.6957,10.2128,
676,677,48.6957,13.617,48.6957,17.0213,
676,724,48.6957,13.617,52.1739,13.617,
677,629,48.6957,17.0213,45.2174,17.0213,
677,676,48.6957,17.0213,48.6957,13.617,
677,678,48.6957,17.0213,48.6957,20.4255,
677,725,48.6957,17.0213,52.1739,17.0213,
678,630,48.6957,20.4255,45.2174,20.4255,
678,677,48.6957,20.4255,48.6957,17.0213,
678,679,48.6957,20.4255,48.6957,23.8298,
678,726,48.6957,20.4255,52.1739,20.4255,
679,631,48.6957,23.8298,45.2174,23.8298,
679,678,48.6957,23.8298,48.6957,20.4255,
679,680,48.6957,23.8298,48.6957,27.234,
679,727,48.6957,23.8298,52.1739,23.8298,
680,632,48.6957,27.234,45.2174,27.234,
680,679,48.6957,27.234,48.6957,23.8298,
680,681,48.6957,27.234,48.6957,30.6383,
680,728,48.6957,27.234,52.1739,27.234,
681,633,48.6957,30.6383,45.2174,30.6383,
681,680,48.6957,30.6383,48.6957,27.234,
681,682,48.6957,30.6383,48.6957,34.0426,
681,729,48.6957,30.6383,52.1739,30.6383,
682,634,48.6957,34.0426,45.2174,34.0426,
682,681,48.6957,34.0426,48.6957,30.6383,
682,683,48.6957,34.0426,48.6957,37.4468,
682,730,48.6957,34.0426,52.1739,34.0426,
683,635,48.6957,37.4468,45.2174,37.4468,
683,682,48.6957,37.4468,48.6957,34.0426,
683,684,48.6957,37.4468,48.6957,40.8511,
683,731,48.6957,37.4468,52.1739,37.4468,
684,636,48.6957,40.8511,45.2174,40.8511,
684,683,48.6957,40.8511,48.6957,37.4468,
684,685,48.6957,40.8511,48.6957,44.2553,
684,732,48.6957,40.8511,52.1739,40.8511,
685,637,48.6957,44.2553,45.2174,44.2553,
685,684,48.6957,44.2553,48.6957,40.8511,
685,686,48.6957,44.2553,48.6957,47.6596,
685,733,48.6957,44.2553,52.1739,44.2553,
686,638,48.6957,47.6596,45.2174,47.6596,
686,685,48.6957,47.6596,48.6957,44.2553,
686,687,48.6957,47.6596,48.6957,51.0638,
686,734,48.6957,47.6596,52.1739,47.6596,
687,639,48.6957,51.0638,45.2174,51.0638,
687,686,48.6957,51.0638,48.6957,47.6596,
687,688,48.6957,51.0638,48.6957,54.4681,
687,735,48.6957,51.0638,52.1739,51.0638,
688,640,48.6957,54.4681,45.2174,54.4681,
688,687,48.6957,54.4681,48.6957,51.0638,
688,689,48.6957,54.4681,48.6957,57.8723,
688,736,48.6957,54.4681,52.1739,54.4681,
689,641,48.6957,57.8723,45.2174,57.8723,
689,688,48.6957,57.8723,48.6957,54.4681,
689,690,48.6957,57.8723,48.6957,61.2766,
689,737,48.6957,57.8723,52.1739,57.8723,
690,642,48.6957,61.2766,45.2174,61.2766,
690,689,48.6957,61.2766,48.6957,57.8723,
690,691,48.6957,61.2766,48.6957,64.6809,
690,738,48.6957,61.2766,52.1739,61.2766,
691,643,48.6957,64.6809,45.2174,64.6809,
691,690,48.6957,64.6809,48.6957,61.2766,
691,692,48.6957,64.6809,48.6957,68.0851,
691,739,48.6957,64.6809,52.1739,64.6809,
692,644,48.6957,68.0851,45.2174,68.0851,
692,691,48.6957,68.0851,48.6957,64.6809,
692,693,48.6957,68.0851,48.6957,71.4894,
692,740,48.6957,68.0851,52.1739,68.0851,
693,645,48.6957,71.4894,45.2174,71.4894,
693,692,48.6957,71.4894,48.6957,68.0851,
693,694,48.6957,71.4894,48.6957,74.8936,
693,741,48.6957,71.4894,52.1739,71.4894,
694,646,48.6957,74.8936,45.2174,74.8936,
694,693,48.6957,74.8936,48.6957,71.4894,
694,695,48.6957,74.8936,48.6957,78.2979,
694,742,48.6957,74.8936,52.1739,74.8936,
695,647,48.6957,78.2979,45.2174,78.2979,
695,694,48.6957,78.2979,48.6957,74.8936,
695,696,48.6957,78.2979,48.6957,81.7021,
695,743,48.6957,78.2979,52.1739,78.2979,
696,648,48.6957,81.7021,45.2174,81.7021,
696,695,48.6957,81.7021,48.6957,78.2979,
696,697,48.6957,81.7021,48.6957,85.1064,
696,744,48.6957,81.7021,52.1739,81.7021,
697,649,48.6957,85.1064,45.2174,85.1064,
697,696,48.6957,85.1064,48.6957,81.7021,
697,698,48.6957,85.1064,48.6957,88.5106,
697,745,48.6957,85.1064,52.1739,85.1064,
698,650,48.6957,88.5106,45.2174,88.5106,
698,697,48.6957,88.5106,48.6957,85.1064,
698,699,48.6957,88.5106,48.6957,91.9149,
698,746,48.6957,88.5106,52.1739,88.5106,
699,651,48.6957,91.9149,45.2174,91.9149,
699,698,48.6957,91.9149,48.6957,88.5106,
699,700,48.6957,91.9149,48.6957,95.3192,
699,747,48.6957,91.9149,52.1739,91.9149,
700,652,48.6957,95.3192,45.2174,95.3192,
700,699,48.6957,95.3192,48.6957,91.9149,
700,701,48.6957,95.3192,48.6957,98.7234,
700,748,48.6957,95.3192,52.1739,95.3192,
701,653,48.6957,98.7234,45.2174,98.7234,
701,700,48.6957,98.7234,48.6957,95.3192,
701,702,48.6957,98.7234,48.6957,102.128,
701,749,48.6957,98.7234,52.1739,98.7234,
702,654,48.6957,102.128,45.2174,102.128,
702,701,48.6957,102.128,48.6957,98.7234,
702,703,48.6957,102.128,48.6957,105.532,
702,750,48.6957,102.128,52.1739,102.128,
703,655,48.6957,105.532,45.2174,105.532,
703,702,48.6957,105.532,48.6957,102.128,
703,704,48.6957,105.532,48.6957,108.936,
703,751,48.6957,105.532,52.1739,105.532,
704,656,48.6957,108.936,45.2174,108.936,
704,703,48.6957,108.936,48.6957,105.532,
704,705,48.6957,108.936,48.6957,112.34,
704,752,48.6957,108.936,52.1739,108.936,
705,657,48.6957,112.34,45.2174,112.34,
705,704,48.6957,112.34,48.6957,108.936,
705,706,48.6957,112.34,48.6957,115.745,
705,753,48.6957,112.34,52.1739,112.34,
706,658,48.6957,115.745,45.2174,115.745,
706,705,48.6957,115.745,48.6957,112.34,
706,707,48.6957,115.745,48.6957,119.149,
706,754,48.6957,115.745,52.1739,115.745,
707,659,48.6957,119.149,45.2174,119.149,
707,706,48.6957,119.149,48.6957,115.745,
707,708,48.6957,119.149,48.6957,122.553,
707,755,48.6957,119.149,52.1739,119.149,
708,660,48.6957,122.553,45.2174,122.553,
708,707,48.6957,122.553,48.6957,119.149,
708,709,48.6957,122.553,48.6957,125.957,
708,756,48.6957,122.553,52.1739,122.553,
709,661,48.6957,125.957,45.2174,125.957,
709,708,48.6957,125.957,48.6957,122.553,
709,710,48.6957,125.957,48.6957,129.362,
709,757,48.6957,125.957,52.1739,125.957,
710,662,48.6957,129.362,45.2174,129.362,
710,709,48.6957,129.362,48.6957,125.957,
710,711,48.6957,129.362,48.6957,132.766,
710,758,48.6957,129.362,52.1739,129.362,
711,663,48.6957,132.766,45.2174,132.766,
711,710,48.6957,132.766,48.6957,129.362,
711,712,48.6957,132.766,48.6957,136.17,
711,759,48.6957,132.766,52.1739,132.766,
712,664,48.6957,136.17,45.2174,136.17,
712,711,48.6957,136.17,48.6957,132.766,
712,713,48.6957,136.17,48.6957,139.574,
712,760,48.6957,136.17,52.1739,136.17,
713,665,48.6957,139.574,45.2174,139.574,
713,712,48.6957,139.574,48.6957,136.17,
713,714,48.6957,139.574,48.6957,142.979,
713,761,48.6957,139.574,52.1739,139.574,
714,666,48.6957,142.979,45.2174,142.979,
714,713,48.6957,142.979,48.6957,139.574,
714,715,48.6957,142.979,48.6957,146.383,
714,762,48.6957,142.979,52.1739,142.979,
715,667,48.6957,146.383,45.2174,146.383,
715,714,48.6957,146.383,48.6957,142.979,
715,716,48.6957,146.383,48.6957,149.787,
715,763,48.6957,146.383,52.1739,146.383,
716,668,48.6957,149.787,45.2174,149.787,
716,715,48.6957,149.787,48.6957,146.383,
716,717,48.6957,149.787,48.6957,152.292,
716,764,48.6957,149.787,52.1739,149.787,
722,674,52.1739,6.80851,48.6957,6.80851,
722,721,52.1739,6.80851,52.1739,6.68631,
722,723,52.1739,6.80851,52.1739,10.2128,
722,770,52.1739,6.80851,52.5549,6.80851,
723,675,52.1739,10.2128,48.6957,10.2128,
723,722,52.1739,10.2128,52.1739,6.80851,
723,724,52.1739,10.2128,52.1739,13.617,
723,771,52.1739,10.2128,55.6522,10.2128,
724,676,52.1739,13.617,48.6957,13.617,
724,723,52.1739,13.617,52.1739,10.2128,
724,725,52.1739,13.617,52.1739,17.0213,
724,772,52.1739,13.617,55.6522,13.617,
725,677,52.1739,17.0213,48.6957,17.0213,
725,724,52.1739,17.0213,52.1739,13.617,
725,726,52.1739,17.0213,52.1739,20.4255,
725,773,52.1739,17.0213,55.6522,17.0213,
726,678,52.1739,20.4255,48.6957,20.4255,
726,725,52.1739,20.4255,52.1739,17.0213,
726,727,52.1739,20.4255,52.1739,23.8298,
726,774,52.1739,20.4255,55.6522,20.4255,
727,679,52.1739,23.8298,48.6957,23.8298,
727,726,52.1739,23.8298,52.1739,20.4255,
727,728,52.1739,23.8298,52.1739,27.234,
727,775,52.1739,23.8298,55.6522,23.8298,
728,680,52.1739,27.234,48.6957,27.234,
728,727,52.1739,27.234,52.1739,23.8298,
728,729,52.1739,27.234,52.1739,30.6383,
728,776,52.1739,27.234,55.6522,27.234,
729,681,52.1739,30.6383,48.6957,30.6383,
729,728,52.1739,30.6383,52.1739,27.234,
729,730,52.1739,30.6383,52.1739,34.0426,
729,777,52.1739,30.6383,55.6522,30.6383,
730,682,52.1739,34.0426,48.6957,34.0426,
730,729,52.1739,34.0426,52.1739,30.6383,
730,731,52.1739,34.0426,52.1739,37.4468,
730,778,52.1739,34.0426,55.6522,34.0426,
731,683,52.1739,37.4468,48.6957,37.4468,
731,730,52.1739,37.4468,52.1739,34.0426,
731,732,52.1739,37.4468,52.1739,40.8511,
731,779,52.1739,37.4468,55.6522,37.4468,
732,684,52.1739,40.8511,48.6957,40.8511,
732,731,52.1739,40.8511,52.1739,37.4468,
732,733,52.1739,40.8511,52.1739,44.2553,
732,780,52.1739,40.8511,55.6522,40.8511,
733,685,52.1739,44.2553,48.6957,44.2553,
733,732,52.1739,44.2553,52.1739,40.8511,
733,734,52.1739,44.2553,52.1739,47.6596,
733,781,52.1739,44.2553,55.6522,44.2553,
734,686,52.1739,47.6596,48.6957,47.6596,
734,733,52.1739,47.6596,52.1739,44.2553,
734,735,52.1739,47.6596,52.1739,51.0638,
734,782,52.1739,47.6596,55.6522,47.6596,
735,687,52.1739,51.0638,48.6957,51.0638,
735,734,52.1739,51.0638,52.1739,47.6596,
735,736,52.1739,51.0638,52.1739,54.4681,
735,783,52.1739,51.0638,55.6522,51.0638,
736,688,52.1739,54.4681,48.6957,54.4681,
736,735,52.1739,54.4681,52.1739,51.0638,
736,737,52.1739,54.4681,52.1739,57.8723,
736,784,52.1739,54.4681,55.6522,54.4681,
737,689,52.1739,57.8723,48.6957,57.8723,
737,736,52.1739,57.8723,52.1739,54.4681,
737,738,52.1739,57.8723,52.1739,61.2766,
737,785,52.1739,57.8723,55.6522,57.8723,
738,690,52.1739,61.2766,48.6957,61.2766,
738,737,52.1739,61.2766,52.1739,57.8723,
738,739,52.1739,61.2766,52.1739,64.6809,
738,786,52.1739,61.2766,55.6522,61.2766,
739,691,52.1739,64.6809,48.6957,64.6809,
739,738,52.1739,64.6809,52.1739,61.2766,
739,740,52.1739,64.6809,52.1739,68.0851,
739,787,52.1739,64.6809,55.6522,64.6809,
740,692,52.1739,68.0851,48.6957,68.0851,
740,739,52.1739,68.0851,52.1739,64.6809,
740,741,52.1739,68.0851,52.1739,71.4894,
740,788,52.1739,68.0851,55.6522,68.0851,
741,693,52.1739,71.4894,48.6957,71.4894,
741,740,52.1739,71.4894,52.1739,68.0851,
741,742,52.1739,71.4894,52.1739,74.8936,
741,789,52.1739,71.4894,55.6522,71.4894,
742,694,52.1739,74.8936,48.6957,74.8936,
742,741,52.1739,74.8936,52.1739,71.4894,
742,743,52.1739,74.8936,52.1739,78.2979,
742,790,52.1739,74.8936,55.6522,74.8936,
743,695,52.1739,78.2979,48.6957,78.2979,
743,742,52.1739,78.2979,52.1739,74.8936,
743,744,52.1739,78.2979,52.1739,81.7021,
743,791,52.1739,78.2979,55.6522,78.2979,
744,696,52.1739,81.7021,48.6957,81.7021,
744,743,52.1739,81.7021,52.1739,78.2979,
744,745,52.1739,81.7021,52.1739,85.1064,
744,792,52.1739,81.7021,55.6522,81.7021,
745,697,52.1739,85.1064,48.6957,85.1064,
745,744,52.1739,85.1064,52.1739,81.7021,
745,746,52.1739,85.1064,52.1739,88.5106,
745,793,52.1739,85.1064,55.6522,85.1064,
746,698,52.1739,88.5106,48.6957,88.5106,
746,745,52.1739,88.5106,52.1739,85.1064,
746,747,52.1739,88.5106,52.1739,91.9149,
746,794,52.1739,88.5106,55.6522,88.5106,
747,699,52.1739,91.9149,48.6957,91.9149,
747,746,52.1739,91.9149,52.1739,88.5106,
747,748,52.1739,91.9149,52.1739,95.3192,
747,795,52.1739,91.9149,55.6522,91.9149,
748,700,52.1739,95.3192,48.6957,95.3192,
748,747,52.1739,95.3192,52.1739,91.9149,
748,749,52.1739,95.3192,52.1739,98.7234,
748,796,52.1739,95.3192,55.6522,95.3192,
749,701,52.1739,98.7234,48.6957,98.7234,
749,748,52.1739,98.7234,52.1739,95.3192,
749,750,52.1739,98.7234,52.1739,102.128,
749,797,52.1739,98.7234,55.6522,98.7234,
750,702,52.1739,102.128,48.6957,102.128,
750,749,52.1739,102.128,52.1739,98.7234,
750,751,52.1739,102.128,52.1739,105.532,
750,798,52.1739,102.128,55.6522,102.128,
751,703,52.1739,105.532,48.6957,105.532,
751,750,52.1739,105.532,52.1739,102.128,
751,752,52.1739,105.532,52.1739,108.936,
751,799,52.1739,105.532,55.6522,105.532,
752,704,52.1739,108.936,48.6957,108.936,
752,751,52.1739,108.936,52.1739,105.532,
752,753,52.1739,108.936,52.1739,112.34,
752,800,52.1739,108.936,55.6522,108.936,
753,705,52.1739,112.34,48.6957,112.34,
753,752,52.1739,112.34,52.1739,108.936,
753,754,52.1739,112.34,52.1739,115.745,
753,801,52.1739,112.34,55.6522,112.34,
754,706,52.1739,115.745,48.6957,115.745,
754,753,52.1739,115.745,52.1739,112.34,
754,755,52.1739,115.745,52.1739,119.149,
754,802,52.1739,115.745,55.6522,115.745,
755,707,52.1739,119.149,48.6957,119.149,
755,754,52.1739,119.149,52.1739,115.745,
755,756,52.1739,119.149,52.1739,122.553,
755,803,52.1739,119.149,55.6522,119.149,
756,708,52.1739,122.553,48.6957,122.553,
756,755,52.1739,122.553,52.1739,119.149,
756,757,52.1739,122.553,52.1739,125.957,
756,804,52.1739,122.553,55.6522,122.553,
757,709,52.1739,125.957,48.6957,125.957,
757,756,52.1739,125.957,52.1739,122.553,
757,758,52.1739,125.957,52.1739,129.362,
757,805,52.1739,125.957,55.6522,125.957,
758,710,52.1739,129.362,48.6957,129.362,
758,757,52.1739,129.362,52.1739,125.957,
758,759,52.1739,129.362,52.1739,132.766,
758,806,52.1739,129.362,55.6522,129.362,
759,711,52.1739,132.766,48.6957,132.766,
759,758,52.1739,132.766,52.1739,129.362,
759,760,52.1739,132.766,52.1739,136.17,
759,807,52.1739,132.766,55.6522,132.766,
760,712,52.1739,136.17,48.6957,136.17,
760,759,52.1739,136.17,52.1739,132.766,
760,761,52.1739,136.17,52.1739,139.574,
760,808,52.1739,136.17,55.6522,136.17,
761,713,52.1739,139.574,48.6957,139.574,
761,760,52.1739,139.574,52.1739,136.17,
761,762,52.1739,139.574,52.1739,142.979,
761,809,52.1739,139.574,55.6522,139.574,
762,714,52.1739,142.979,48.6957,142.979,
762,761,52.1739,142.979,52.1739,139.574,
762,763,52.1739,142.979,52.1739,146.383,
762,810,52.1739,142.979,55.6522,142.979,
763,715,52.1739,146.383,48.6957,146.383,
763,762,52.1739,146.383,52.1739,142.979,
763,764,52.1739,146.383,52.1739,149.787,
763,811,52.1739,146.383,55.6522,146.383,
764,716,52.1739,149.787,48.6957,149.787,
764,763,52.1739,149.787,52.1739,146.383,
764,765,52.1739,149.787,52.1739,151.433,
764,812,52.1739,149.787,55.2109,149.787,
771,723,55.6522,10.2128,52.1739,10.2128,
771,770,55.6522,10.2128,55.6522,8.82866,
771,772,55.6522,10.2128,55.6522,13.617,
771,819,55.6522,10.2128,57.7743,10.2128,
772,724,55.6522,13.617,52.1739,13.617,
772,771,55.6522,13.617,55.6522,10.2128,
772,773,55.6522,13.617,55.6522,17.0213,
772,820,55.6522,13.617,59.1304,13.617,
773,725,55.6522,17.0213,52.1739,17.0213,
773,772,55.6522,17.0213,55.6522,13.617,
773,774,55.6522,17.0213,55.6522,20.4255,
773,821,55.6522,17.0213,59.1304,17.0213,
774,726,55.6522,20.4255,52.1739,20.4255,
774,773,55.6522,20.4255,55.6522,17.0213,
774,775,55.6522,20.4255,55.6522,23.8298,
774,822,55.6522,20.4255,59.1304,20.4255,
775,727,55.6522,23.8298,52.1739,23.8298,
775,774,55.6522,23.8298,55.6522,20.4255,
775,776,55.6522,23.8298,55.6522,27.234,
775,823,55.6522,23.8298,59.1304,23.8298,
776,728,55.6522,27.234,52.1739,27.234,
776,775,55.6522,27.234,55.6522,23.8298,
776,777,55.6522,27.234,55.6522,30.6383,
776,824,55.6522,27.234,59.1304,27.234,
777,729,55.6522,30.6383,52.1739,30.6383,
777,776,55.6522,30.6383,55.6522,27.234,
777,778,55.6522,30.6383,55.6522,34.0426,
777,825,55.6522,30.6383,59.1304,30.6383,
778,730,55.6522,34.0426,52.1739,34.0426,
778,777,55.6522,34.0426,55.6522,30.6383,
778,779,55.6522,34.0426,55.6522,37.4468,
778,826,55.6522,34.0426,59.1304,34.0426,
779,731,55.6522,37.4468,52.1739,37.4468,
779,778,55.6522,37.4468,55.6522,34.0426,
779,780,55.6522,37.4468,55.6522,40.8511,
779,827,55.6522,37.4468,59.1304,37.4468,
780,732,55.6522,40.8511,52.1739,40.8511,
780,779,55.6522,40.8511,55.6522,37.4468,
780,781,55.6522,40.8511,55.6522,44.2553,
780,828,55.6522,40.8511,59.1304,40.8511,
781,733,55.6522,44.2553,52.1739,44.2553,
781,780,55.6522,44.2553,55.6522,40.8511,
781,782,55.6522,44.2553,55.6522,47.6596,
781,829,55.6522,44.2553,59.1304,44.2553,
782,734,55.6522,47.6596,52.1739,47.6596,
782,781,55.6522,47.6596,55.6522,44.2553,
782,783,55.6522,47.6596,55.6522,51.0638,
782,830,55.6522,47.6596,59.1304,47.6596,
783,735,55.6522,51.0638,52.1739,51.0638,
783,782,55.6522,51.0638,55.6522,47.6596,
783,784,55.6522,51.0638,55.6522,54.4681,
783,831,55.6522,51.0638,59.1304,51.0638,
784,736,55.6522,54.4681,52.1739,54.4681,
784,783,55.6522,54.4681,55.6522,51.0638,
784,785,55.6522,54.4681,55.6522,57.8723,
784,832,55.6522,54.4681,59.1304,54.4681,
785,737,55.6522,57.8723,52.1739,57.8723,
785,784,55.6522,57.8723,55.6522,54.4681,
785,786,55.6522,57.8723,55.6522,61.2766,
785,833,55.6522,57.8723,59.1304,57.8723,
786,738,55.6522,61.2766,52.1739,61.2766,
786,785,55.6522,61.2766,55.6522,57.8723,
786,787,55.6522,61.2766,55.6522,64.6809,
786,834,55.6522,61.2766,59.1304,61.2766,
787,739,55.6522,64.6809,52.1739,64.6809,
787,786,55.6522,64.6809,55.6522,61.2766,
787,788,55.6522,64.6809,55.6522,68.0851,
787,835,55.6522,64.6809,59.1304,64.6809,
788,740,55.6522,68.0851,52.1739,68.0851,
788,787,55.6522,68.0851,55.6522,64.6809,
788,789,55.6522,68.0851,55.6522,71.4894,
788,836,55.6522,68.0851,59.1304,68.0851,
789,741,55.6522,71.4894,52.1739,71.4894,
789,788,55.6522,71.4894,55.6522,68.0851,
789,790,55.6522,71.4894,55.6522,74.8936,
789,837,55.6522,71.4894,59.1304,71.4894,
790,742,55.6522,74.8936,52.1739,74.8936,
790,789,55.6522,74.8936,55.6522,71.4894,
790,791,55.6522,74.8936,55.6522,78.2979,
790,838,55.6522,74.8936,59.1304,74.8936,
791,743,55.6522,78.2979,52.1739,78.2979,
791,790,55.6522,78.2979,55.6522,74.8936,
791,792,55.6522,78.2979,55.6522,81.7021,
791,839,55.6522,78.2979,59.1304,78.2979,
792,744,55.6522,81.7021,52.1739,81.7021,
792,791,55.6522,81.7021,55.6522,78.2979,
792,793,55.6522,81.7021,55.6522,85.1064,
792,840,55.6522,81.7021,59.1304,81.7021,
793,745,55.6522,85.1064,52.1739,85.1064,
793,792,55.6522,85.1064,55.6522,81.7021,
793,794,55.6522,85.1064,55.6522,88.5106,
793,841,55.6522,85.1064,59.1304,85.1064,
794,746,55.6522,88.5106,52.1739,88.5106,
794,793,55.6522,88.5106,55.6522,85.1064,
794,795,55.6522,88.5106,55.6522,91.9149,
794,842,55.6522,88.5106,59.1304,88.5106,
795,747,55.6522,91.9149,52.1739,91.9149,
795,794,55.6522,91.9149,55.6522,88.5106,
795,796,55.6522,91.9149,55.6522,95.3192,
795,843,55.6522,91.9149,59.1304,91.9149,
796,748,55.6522,95.3192,52.1739,95.3192,
796,795,55.6522,95.3192,55.6522,91.9149,
796,797,55.6522,95.3192,55.6522,98.7234,
796,844,55.6522,95.3192,59.1304,95.3192,
797,749,55.6522,98.7234,52.1739,98.7234,
797,796,55.6522,98.7234,55.6522,95.3192,
797,798,55.6522,98.7234,55.6522,102.128,
797,845,55.6522,98.7234,59.1304,98.7234,
798,750,55.6522,102.128,52.1739,102.128,
798,797,55.6522,102.128,55.6522,98.7234,
798,799,55.6522,102.128,55.6522,105.532,
798,846,55.6522,102.128,59.1304,102.128,
799,751,55.6522,105.532,52.1739,105.532,
799,798,55.6522,105.532,55.6522,102.128,
799,800,55.6522,105.532,55.6522,108.936,
799,847,55.6522,105.532,59.1304,105.532,
800,752,55.6522,108.936,52.1739,108.936,
800,799,55.6522,108.936,55.6522,105.532,
800,801,55.6522,108.936,55.6522,112.34,
800,848,55.6522,108.936,59.1304,108.936,
801,753,55.6522,112.34,52.1739,112.34,
801,800,55.6522,112.34,55.6522,108.936,
801,802,55.6522,112.34,55.6522,115.745,
801,849,55.6522,112.34,59.1304,112.34,
802,754,55.6522,115.745,52.1739,115.745,
802,801,55.6522,115.745,55.6522,112.34,
802,803,55.6522,115.745,55.6522,119.149,
802,850,55.6522,115.745,59.1304,115.745,
803,755,55.6522,119.149,52.1739,119.149,
803,802,55.6522,119.149,55.6522,115.745,
803,804,55.6522,119.149,55.6522,122.553,
803,851,55.6522,119.149,59.1304,119.149,
804,756,55.6522,122.553,52.1739,122.553,
804,803,55.6522,122.553,55.6522,119.149,
804,805,55.6522,122.553,55.6522,125.957,
804,852,55.6522,122.553,59.1304,122.553,
805,757,55.6522,125.957,52.1739,125.957,
805,804,55.6522,125.957,55.6522,122.553,
805,806,55.6522,125.957,55.6522,129.362,
805,853,55.6522,125.957,59.1304,125.957,
806,758,55.6522,129.362,52.1739,129.362,
806,805,55.6522,129.362,55.6522,125.957,
806,807,55.6522,129.362,55.6522,132.766,
806,854,55.6522,129.362,59.1304,129.362,
807,759,55.6522,132.766,52.1739,132.766,
807,806,55.6522,132.766,55.6522,129.362,
807,808,55.6522,132.766,55.6522,136.17,
807,855,55.6522,132.766,59.1304,132.766,
808,760,55.6522,136.17,52.1739,136.17,
808,807,55.6522,136.17,55.6522,132.766,
808,809,55.6522,136.17,55.6522,139.574,
808,856,55.6522,136.17,59.1304,136.17,
809,761,55.6522,139.574,52.1739,139.574,
809,808,55.6522,139.574,55.6522,136.17,
809,810,55.6522,139.574,55.6522,142.979,
809,857,55.6522,139.574,59.1304,139.574,
810,762,55.6522,142.979,52.1739,142.979,
810,809,55.6522,142.979,55.6522,139.574,
810,811,55.6522,142.979,55.6522,146.383,
810,858,55.6522,142.979,59.1304,142.979,
811,763,55.6522,146.383,52.1739,146.383,
811,810,55.6522,146.383,55.6522,142.979,
811,812,55.6522,146.383,55.6522,149.522,
811,859,55.6522,146.383,59.1304,146.383,
820,772,59.1304,13.617,55.6522,13.617,
820,819,59.1304,13.617,59.1304,12.1886,
820,821,59.1304,13.617,59.1304,17.0213,
820,868,59.1304,13.617,59.9783,13.617,
821,773,59.1304,17.0213,55.6522,17.0213,
821,820,59.1304,17.0213,59.1304,13.617,
821,822,59.1304,17.0213,59.1304,20.4255,
821,869,59.1304,17.0213,61.6956,17.0213,
822,774,59.1304,20.4255,55.6522,20.4255,
822,821,59.1304,20.4255,59.1304,17.0213,
822,823,59.1304,20.4255,59.1304,23.8298,
822,870,59.1304,20.4255,62.6087,20.4255,
823,775,59.1304,23.8298,55.6522,23.8298,
823,822,59.1304,23.8298,59.1304,20.4255,
823,824,59.1304,23.8298,59.1304,27.234,
823,871,59.1304,23.8298,62.6087,23.8298,
824,776,59.1304,27.234,55.6522,27.234,
824,823,59.1304,27.234,59.1304,23.8298,
824,825,59.1304,27.234,59.1304,30.6383,
824,872,59.1304,27.234,62.6087,27.234,
825,777,59.1304,30.6383,55.6522,30.6383,
825,824,59.1304,30.6383,59.1304,27.234,
825,826,59.1304,30.6383,59.1304,34.0426,
825,873,59.1304,30.6383,62.6087,30.6383,
826,778,59.1304,34.0426,55.6522,34.0426,
826,825,59.1304,34.0426,59.1304,30.6383,
826,827,59.1304,34.0426,59.1304,37.4468,
826,874,59.1304,34.0426,62.6087,34.0426,
827,779,59.1304,37.4468,55.6522,37.4468,
827,826,59.1304,37.4468,59.1304,34.0426,
827,828,59.1304,37.4468,59.1304,40.8511,
827,875,59.1304,37.4468,62.6087,37.4468,
828,780,59.1304,40.8511,55.6522,40.8511,
828,827,59.1304,40.8511,59.1304,37.4468,
828,829,59.1304,40.8511,59.1304,44.2553,
828,876,59.1304,40.8511,62.6087,40.8511,
829,781,59.1304,44.2553,55.6522,44.2553,
829,828,59.1304,44.2553,59.1304,40.8511,
829,830,59.1304,44.2553,59.1304,47.6596,
829,877,59.1304,44.2553,62.6087,44.2553,
830,782,59.1304,47.6596,55.6522,47.6596,
830,829,59.1304,47.6596,59.1304,44.2553,
830,831,59.1304,47.6596,59.1304,51.0638,
830,878,59.1304,47.6596,62.6087,47.6596,
831,783,59.1304,51.0638,55.6522,51.0638,
831,830,59.1304,51.0638,59.1304,47.6596,
831,832,59.1304,51.0638,59.1304,54.4681,
831,879,59.1304,51.0638,62.6087,51.0638,
832,784,59.1304,54.4681,55.6522,54.4681,
832,831,59.1304,54.4681,59.1304,51.0638,
832,833,59.1304,54.4681,59.1304,57.8723,
832,880,59.1304,54.4681,62.6087,54.4681,
833,785,59.1304,57.8723,55.6522,57.8723,
833,832,59.1304,57.8723,59.1304,54.4681,
833,834,59.1304,57.8723,59.1304,61.2766,
833,881,59.1304,57.8723,62.6087,57.8723,
834,786,59.1304,61.2766,55.6522,61.2766,
834,833,59.1304,61.2766,59.1304,57.8723,
834,835,59.1304,61.2766,59.1304,64.6809,
834,882,59.1304,61.2766,62.6087,61.2766,
835,787,59.1304,64.6809,55.6522,64.6809,
835,834,59.1304,64.6809,59.1304,61.2766,
835,836,59.1304,64.6809,59.1304,68.0851,
835,883,59.1304,64.6809,62.6087,64.6809,
836,788,59.1304,68.0851,55.6522,68.0851,
836,835,59.1304,68.0851,59.1304,64.6809,
836,837,59.1304,68.0851,59.1304,71.4894,
836,884,59.1304,68.0851,62.6087,68.0851,
837,789,59.1304,71.4894,55.6522,71.4894,
837,836,59.1304,71.4894,59.1304,68.0851,
837,838,59.1304,71.4894,59.1304,74.8936,
837,885,59.1304,71.4894,62.6087,71.4894,
838,790,59.1304,74.8936,55.6522,74.8936,
838,837,59.1304,74.8936,59.1304,71.4894,
838,839,59.1304,74.8936,59.1304,78.2979,
838,886,59.1304,74.8936,62.6087,74.8936,
839,791,59.1304,78.2979,55.6522,78.2979,
839,838,59.1304,78.2979,59.1304,74.8936,
839,840,59.1304,78.2979,59.1304,81.7021,
839,887,59.1304,78.2979,62.6087,78.2979,
840,792,59.1304,81.7021,55.6522,81.7021,
840,839,59.1304,81.7021,59.1304,78.2979,
840,841,59.1304,81.7021,59.1304,85.1064,
840,888,59.1304,81.7021,62.6087,81.7021,
841,793,59.1304,85.1064,55.6522,85.1064,
841,840,59.1304,85.1064,59.1304,81.7021,
841,842,59.1304,85.1064,59.1304,88.5106,
841,889,59.1304,85.1064,62.6087,85.1064,
842,794,59.1304,88.5106,55.6522,88.5106,
842,841,59.1304,88.5106,59.1304,85.1064,
842,843,59.1304,88.5106,59.1304,91.9149,
842,890,59.1304,88.5106,62.6087,88.5106,
843,795,59.1304,91.9149,55.6522,91.9149,
843,842,59.1304,91.9149,59.1304,88.5106,
843,844,59.1304,91.9149,59.1304,95.3192,
843,891,59.1304,91.9149,62.6087,91.9149,
844,796,59.1304,95.3192,55.6522,95.3192,
844,843,59.1304,95.3192,59.1304,91.9149,
844,845,59.1304,95.3192,59.1304,98.7234,
844,892,59.1304,95.3192,62.6087,95.3192,
845,797,59.1304,98.7234,55.6522,98.7234,
845,844,59.1304,98.7234,59.1304,95.3192,
845,846,59.1304,98.7234,59.1304,102.128,
845,893,59.1304,98.7234,62.6087,98.7234,
846,798,59.1304,102.128,55.6522,102.128,
846,845,59.1304,102.128,59.1304,98.7234,
846,847,59.1304,102.128,59.1304,105.532,
846,894,59.1304,102.128,62.6087,102.128,
847,799,59.1304,105.532,55.6522,105.532,
847,846,59.1304,105.532,59.1304,102.128,
847,848,59.1304,105.532,59.1304,108.936,
847,895,59.1304,105.532,62.6087,105.532,
848,800,59.1304,108.936,55.6522,108.936,
848,847,59.1304,108.936,59.1304,105.532,
848,849,59.1304,108.936,59.1304,112.34,
848,896,59.1304,108.936,62.6087,108.936,
849,801,59.1304,112.34,55.6522,112.34,
849,848,59.1304,112.34,59.1304,108.936,
849,850,59.1304,112.34,59.1304,115.745,
849,897,59.1304,112.34,62.6087,112.34,
850,802,59.1304,115.745,55.6522,115.745,
850,849,59.1304,115.745,59.1304,112.34,
850,851,59.1304,115.745,59.1304,119.149,
850,898,59.1304,115.745,62.6087,115.745,
851,803,59.1304,119.149,55.6522,119.149,
851,850,59.1304,119.149,59.1304,115.745,
851,852,59.1304,119.149,59.1304,122.553,
851,899,59.1304,119.149,61.9466,119.149,
852,804,59.1304,122.553,55.6522,122.553,
852,851,59.1304,122.553,59.1304,119.149,
852,853,59.1304,122.553,59.1304,125.957,
852,900,59.1304,122.553,60.8275,122.553,
853,805,59.1304,125.957,55.6522,125.957,
853,852,59.1304,125.957,59.1304,122.553,
853,854,59.1304,125.957,59.1304,129.362,
853,901,59.1304,125.957,60.6201,125.957,
854,806,59.1304,129.362,55.6522,129.362,
854,853,59.1304,129.362,59.1304,125.957,
854,855,59.1304,129.362,59.1304,132.766,
854,902,59.1304,129.362,60.6201,129.362,
855,807,59.1304,132.766,55.6522,132.766,
855,854,59.1304,132.766,59.1304,129.362,
855,856,59.1304,132.766,59.1304,136.17,
855,903,59.1304,132.766,60.6201,132.766,
856,808,59.1304,136.17,55.6522,136.17,
856,855,59.1304,136.17,59.1304,132.766,
856,857,59.1304,136.17,59.1304,139.574,
856,904,59.1304,136.17,60.6201,136.17,
857,809,59.1304,139.574,55.6522,139.574,
857,856,59.1304,139.574,59.1304,136.17,
857,858,59.1304,139.574,59.1304,142.979,
857,905,59.1304,139.574,60.1988,139.574,
858,810,59.1304,142.979,55.6522,142.979,
858,857,59.1304,142.979,59.1304,139.574,
858,859,59.1304,142.979,59.1304,146.383,
858,906,59.1304,142.979,59.7748,142.979,
859,811,59.1304,146.383,55.6522,146.383,
859,858,59.1304,146.383,59.1304,142.979,
859,860,59.1304,146.383,59.1304,147.181,
859,907,59.1304,146.383,59.3508,146.383,
870,822,62.6087,20.4255,59.1304,20.4255,
870,869,62.6087,20.4255,62.6087,17.8939,
870,871,62.6087,20.4255,62.6087,23.8298,
870,918,62.6087,20.4255,66.087,20.4255,
871,823,62.6087,23.8298,59.1304,23.8298,
871,870,62.6087,23.8298,62.6087,20.4255,
871,872,62.6087,23.8298,62.6087,27.234,
871,919,62.6087,23.8298,66.087,23.8298,
872,824,62.6087,27.234,59.1304,27.234,
872,871,62.6087,27.234,62.6087,23.8298,
872,873,62.6087,27.234,62.6087,30.6383,
872,920,62.6087,27.234,66.087,27.234,
873,825,62.6087,30.6383,59.1304,30.6383,
873,872,62.6087,30.6383,62.6087,27.234,
873,874,62.6087,30.6383,62.6087,34.0426,
873,921,62.6087,30.6383,66.087,30.6383,
874,826,62.6087,34.0426,59.1304,34.0426,
874,873,62.6087,34.0426,62.6087,30.6383,
874,875,62.6087,34.0426,62.6087,37.4468,
874,922,62.6087,34.0426,66.087,34.0426,
875,827,62.6087,37.4468,59.1304,37.4468,
875,874,62.6087,37.4468,62.6087,34.0426,
875,876,62.6087,37.4468,62.6087,40.8511,
875,923,62.6087,37.4468,66.087,37.4468,
876,828,62.6087,40.8511,59.1304,40.8511,
876,875,62.6087,40.8511,62.6087,37.4468,
876,877,62.6087,40.8511,62.6087,44.2553,
876,924,62.6087,40.8511,66.087,40.8511,
877,829,62.6087,44.2553,59.1304,44.2553,
877,876,62.6087,44.2553,62.6087,40.8511,
877,878,62.6087,44.2553,62.6087,47.6596,
877,925,62.6087,44.2553,66.087,44.2553,
878,830,62.6087,47.6596,59.1304,47.6596,
878,877,62.6087,47.6596,62.6087,44.2553,
878,879,62.6087,47.6596,62.6087,51.0638,
878,926,62.6087,47.6596,66.087,47.6596,
879,831,62.6087,51.0638,59.1304,51.0638,
879,878,62.6087,51.0638,62.6087,47.6596,
879,880,62.6087,51.0638,62.6087,54.4681,
879,927,62.6087,51.0638,66.087,51.0638,
880,832,62.6087,54.4681,59.1304,54.4681,
880,879,62.6087,54.4681,62.6087,51.0638,
880,881,62.6087,54.4681,62.6087,57.8723,
880,928,62.6087,54.4681,66.087,54.4681,
881,833,62.6087,57.8723,59.1304,57.8723,
881,880,62.6087,57.8723,62.6087,54.4681,
881,882,62.6087,57.8723,62.6087,61.2766,
881,929,62.6087,57.8723,66.087,57.8723,
882,834,62.6087,61.2766,59.1304,61.2766,
882,881,62.6087,61.2766,62.6087,57.8723,
882,883,62.6087,61.2766,62.6087,64.6809,
882,930,62.6087,61.2766,66.087,61.2766,
883,835,62.6087,64.6809,59.1304,64.6809,
883,882,62.6087,64.6809,62.6087,61.2766,
883,884,62.6087,64.6809,62.6087,68.0851,
883,931,62.6087,64.6809,66.087,64.6809,
884,836,62.6087,68.0851,59.1304,68.0851,
884,883,62.6087,68.0851,62.6087,64.6809,
884,885,62.6087,68.0851,62.6087,71.4894,
884,932,62.6087,68.0851,66.087,68.0851,
885,837,62.6087,71.4894,59.1304,71.4894,
885,884,62.6087,71.4894,62.6087,68.0851,
885,886,62.6087,71.4894,62.6087,74.8936,
885,933,62.6087,71.4894,66.087,71.4894,
886,838,62.6087,74.8936,59.1304,74.8936,
886,885,62.6087,74.8936,62.6087,71.4894,
886,887,62.6087,74.8936,62.6087,78.2979,
886,934,62.6087,74.8936,66.087,74.8936,
887,839,62.6087,78.2979,59.1304,78.2979,
887,886,62.6087,78.2979,62.6087,74.8936,
887,888,62.6087,78.2979,62.6087,81.7021,
887,935,62.6087,78.2979,66.087,78.2979,
888,840,62.6087,81.7021,59.1304,81.7021,
888,887,62.6087,81.7021,62.6087,78.2979,
888,889,62.6087,81.7021,62.6087,85.1064,
888,936,62.6087,81.7021,66.087,81.7021,
889,841,62.6087,85.1064,59.1304,85.1064,
889,888,62.6087,85.1064,62.6087,81.7021,
889,890,62.6087,85.1064,62.6087,88.5106,
889,937,62.6087,85.1064,66.087,85.1064,
890,842,62.6087,88.5106,59.1304,88.5106,
890,889,62.6087,88.5106,62.6087,85.1064,
890,891,62.6087,88.5106,62.6087,91.9149,
890,938,62.6087,88.5106,66.087,88.5106,
891,843,62.6087,91.9149,59.1304,91.9149,
891,890,62.6087,91.9149,62.6087,88.5106,
891,892,62.6087,91.9149,62.6087,95.3192,
891,939,62.6087,91.9149,66.087,91.9149,
892,844,62.6087,95.3192,59.1304,95.3192,
892,891,62.6087,95.3192,62.6087,91.9149,
892,893,62.6087,95.3192,62.6087,98.7234,
892,940,62.6087,95.3192,66.087,95.3192,
893,845,62.6087,98.7234,59.1304,98.7234,
893,892,62.6087,98.7234,62.6087,95.3192,
893,894,62.6087,98.7234,62.6087,102.128,
893,941,62.6087,98.7234,66.087,98.7234,
894,846,62.6087,102.128,59.1304,102.128,
894,893,62.6087,102.128,62.6087,98.7234,
894,895,62.6087,102.128,62.6087,105.532,
894,942,62.6087,102.128,66.087,102.128,
895,847,62.6087,105.532,59.1304,105.532,
895,894,62.6087,105.532,62.6087,102.128,
895,896,62.6087,105.532,62.6087,108.936,
895,943,62.6087,105.532,66.087,105.532,
896,848,62.6087,108.936,59.1304,108.936,
896,895,62.6087,108.936,62.6087,105.532,
896,897,62.6087,108.936,62.6087,112.34,
896,944,62.6087,108.936,66.087,108.936,
897,849,62.6087,112.34,59.1304,112.34,
897,896,62.6087,112.34,62.6087,108.936,
897,898,62.6087,112.34,62.6087,115.745,
897,945,62.6087,112.34,65.0673,112.34,
898,850,62.6087,115.745,59.1304,115.745,
898,897,62.6087,115.745,62.6087,112.34,
898,899,62.6087,115.745,62.6087,117.161,
898,946,62.6087,115.745,63.331,115.745,
918,870,66.087,20.4255,62.6087,20.4255,
918,917,66.087,20.4255,66.087,19.3174,
918,919,66.087,20.4255,66.087,23.8298,
918,966,66.087,20.4255,68.2852,20.4255,
919,871,66.087,23.8298,62.6087,23.8298,
919,918,66.087,23.8298,66.087,20.4255,
919,920,66.087,23.8298,66.087,27.234,
919,967,66.087,23.8298,69.5304,23.8298,
920,872,66.087,27.234,62.6087,27.234,
920,919,66.087,27.234,66.087,23.8298,
920,921,66.087,27.234,66.087,30.6383,
920,968,66.087,27.234,69.4338,27.234,
921,873,66.087,30.6383,62.6087,30.6383,
921,920,66.087,30.6383,66.087,27.234,
921,922,66.087,30.6383,66.087,34.0426,
921,969,66.087,30.6383,67.9559,30.6383,
922,874,66.087,34.0426,62.6087,34.0426,
922,921,66.087,34.0426,66.087,30.6383,
922,923,66.087,34.0426,66.087,37.4468,
922,970,66.087,34.0426,66.7701,34.0426,
923,875,66.087,37.4468,62.6087,37.4468,
923,922,66.087,37.4468,66.087,34.0426,
923,924,66.087,37.4468,66.087,40.8511,
923,971,66.087,37.4468,67.2216,37.4468,
924,876,66.087,40.8511,62.6087,40.8511,
924,923,66.087,40.8511,66.087,37.4468,
924,925,66.087,40.8511,66.087,44.2553,
924,972,66.087,40.8511,69.5652,40.8511,
925,877,66.087,44.2553,62.6087,44.2553,
925,924,66.087,44.2553,66.087,40.8511,
925,926,66.087,44.2553,66.087,47.6596,
925,973,66.087,44.2553,69.5652,44.2553,
926,878,66.087,47.6596,62.6087,47.6596,
926,925,66.087,47.6596,66.087,44.2553,
926,927,66.087,47.6596,66.087,51.0638,
926,974,66.087,47.6596,69.5652,47.6596,
927,879,66.087,51.0638,62.6087,51.0638,
927,926,66.087,51.0638,66.087,47.6596,
927,928,66.087,51.0638,66.087,54.4681,
927,975,66.087,51.0638,69.5652,51.0638,
928,880,66.087,54.4681,62.6087,54.4681,
928,927,66.087,54.4681,66.087,51.0638,
928,929,66.087,54.4681,66.087,57.8723,
928,976,66.087,54.4681,69.5652,54.4681,
929,881,66.087,57.8723,62.6087,57.8723,
929,928,66.087,57.8723,66.087,54.4681,
929,930,66.087,57.8723,66.087,61.2766,
929,977,66.087,57.8723,69.5652,57.8723,
930,882,66.087,61.2766,62.6087,61.2766,
930,929,66.087,61.2766,66.087,57.8723,
930,931,66.087,61.2766,66.087,64.6809,
930,978,66.087,61.2766,69.5652,61.2766,
931,883,66.087,64.6809,62.6087,64.6809,
931,930,66.087,64.6809,66.087,61.2766,
931,932,66.087,64.6809,66.087,68.0851,
931,979,66.087,64.6809,69.5652,64.6809,
932,884,66.087,68.0851,62.6087,68.0851,
932,931,66.087,68.0851,66.087,64.6809,
932,933,66.087,68.0851,66.087,71.4894,
932,980,66.087,68.0851,69.5652,68.0851,
933,885,66.087,71.4894,62.6087,71.4894,
933,932,66.087,71.4894,66.087,68.0851,
933,934,66.087,71.4894,66.087,74.8936,
933,981,66.087,71.4894,69.5652,71.4894,
934,886,66.087,74.8936,62.6087,74.8936,
934,933,66.087,74.8936,66.087,71.4894,
934,935,66.087,74.8936,66.087,78.2979,
934,982,66.087,74.8936,69.5652,74.8936,
935,887,66.087,78.2979,62.6087,78.2979,
935,934,66.087,78.2979,66.087,74.8936,
935,936,66.087,78.2979,66.087,81.7021,
935,983,66.087,78.2979,69.5652,78.2979,
936,888,66.087,81.7021,62.6087,81.7021,
936,935,66.087,81.7021,66.087,78.2979,
936,937,66.087,81.7021,66.087,85.1064,
936,984,66.087,81.7021,69.5652,81.7021,
937,889,66.087,85.1064,62.6087,85.1064,
937,936,66.087,85.1064,66.087,81.7021,
937,938,66.087,85.1064,66.087,88.5106,
937,985,66.087,85.1064,69.5652,85.1064,
938,890,66.087,88.5106,62.6087,88.5106,
938,937,66.087,88.5106,66.087,85.1064,
938,939,66.087,88.5106,66.087,91.9149,
938,986,66.087,88.5106,69.5652,88.5106,
939,891,66.087,91.9149,62.6087,91.9149,
939,938,66.087,91.9149,66.087,88.5106,
939,940,66.087,91.9149,66.087,95.3192,
939,987,66.087,91.9149,69.5652,91.9149,
940,892,66.087,95.3192,62.6087,95.3192,
940,939,66.087,95.3192,66.087,91.9149,
940,941,66.087,95.3192,66.087,98.7234,
940,988,66.087,95.3192,69.5652,95.3192,
941,893,66.087,98.7234,62.6087,98.7234,
941,940,66.087,98.7234,66.087,95.3192,
941,942,66.087,98.7234,66.087,102.128,
941,989,66.087,98.7234,69.5652,98.7234,
942,894,66.087,102.128,62.6087,102.128,
942,941,66.087,102.128,66.087,98.7234,
942,943,66.087,102.128,66.087,105.532,
942,990,66.087,102.128,69.5652,102.128,
943,895,66.087,105.532,62.6087,105.532,
943,942,66.087,105.532,66.087,102.128,
943,944,66.087,105.532,66.087,108.936,
943,991,66.087,105.532,69.5652,105.532,
944,896,66.087,108.936,62.6087,108.936,
944,943,66.087,108.936,66.087,105.532,
944,945,66.087,108.936,66.087,110.471,
944,992,66.087,108.936,66.9396,108.936,
972,924,69.5652,40.8511,66.087,40.8511,
972,971,69.5652,40.8511,69.5652,40.0224,
972,973,69.5652,40.8511,69.5652,44.2553,
972,1020,69.5652,40.8511,71.8284,40.8511,
973,925,69.5652,44.2553,66.087,44.2553,
973,972,69.5652,44.2553,69.5652,40.8511,
973,974,69.5652,44.2553,69.5652,47.6596,
973,1021,69.5652,44.2553,73.0435,44.2553,
974,926,69.5652,47.6596,66.087,47.6596,
974,973,69.5652,47.6596,69.5652,44.2553,
974,975,69.5652,47.6596,69.5652,51.0638,
974,1022,69.5652,47.6596,73.0435,47.6596,
975,927,69.5652,51.0638,66.087,51.0638,
975,974,69.5652,51.0638,69.5652,47.6596,
975,976,69.5652,51.0638,69.5652,54.4681,
975,1023,69.5652,51.0638,73.0435,51.0638,
976,928,69.5652,54.4681,66.087,54.4681,
976,975,69.5652,54.4681,69.5652,51.0638,
976,977,69.5652,54.4681,69.5652,57.8723,
976,1024,69.5652,54.4681,73.0435,54.4681,
977,929,69.5652,57.8723,66.087,57.8723,
977,976,69.5652,57.8723,69.5652,54.4681,
977,978,69.5652,57.8723,69.5652,61.2766,
977,1025,69.5652,57.8723,73.0435,57.8723,
978,930,69.5652,61.2766,66.087,61.2766,
978,977,69.5652,61.2766,69.5652,57.8723,
978,979,69.5652,61.2766,69.5652,64.6809,
978,1026,69.5652,61.2766,73.0435,61.2766,
979,931,69.5652,64.6809,66.087,64.6809,
979,978,69.5652,64.6809,69.5652,61.2766,
979,980,69.5652,64.6809,69.5652,68.0851,
979,1027,69.5652,64.6809,73.0435,64.6809,
980,932,69.5652,68.0851,66.087,68.0851,
980,979,69.5652,68.0851,69.5652,64.6809,
980,981,69.5652,68.0851,69.5652,71.4894,
980,1028,69.5652,68.0851,73.0435,68.0851,
981,933,69.5652,71.4894,66.087,71.4894,
981,980,69.5652,71.4894,69.5652,68.0851,
981,982,69.5652,71.4894,69.5652,74.8936,
981,1029,69.5652,71.4894,73.0435,71.4894,
982,934,69.5652,74.8936,66.087,74.8936,
982,981,69.5652,74.8936,69.5652,71.4894,
982,983,69.5652,74.8936,69.5652,78.2979,
982,1030,69.5652,74.8936,73.0435,74.8936,
983,935,69.5652,78.2979,66.087,78.2979,
983,982,69.5652,78.2979,69.5652,74.8936,
983,984,69.5652,78.2979,69.5652,81.7021,
983,1031,69.5652,78.2979,73.0435,78.2979,
984,936,69.5652,81.7021,66.087,81.7021,
984,983,69.5652,81.7021,69.5652,78.2979,
984,985,69.5652,81.7021,69.5652,85.1064,
984,1032,69.5652,81.7021,73.0435,81.7021,
985,937,69.5652,85.1064,66.087,85.1064,
985,984,69.5652,85.1064,69.5652,81.7021,
985,986,69.5652,85.1064,69.5652,88.5106,
985,1033,69.5652,85.1064,73.0435,85.1064,
986,938,69.5652,88.5106,66.087,88.5106,
986,985,69.5652,88.5106,69.5652,85.1064,
986,987,69.5652,88.5106,69.5652,91.9149,
986,1034,69.5652,88.5106,73.0435,88.5106,
987,939,69.5652,91.9149,66.087,91.9149,
987,986,69.5652,91.9149,69.5652,88.5106,
987,988,69.5652,91.9149,69.5652,95.3192,
987,1035,69.5652,91.9149,73.0435,91.9149,
988,940,69.5652,95.3192,66.087,95.3192,
988,987,69.5652,95.3192,69.5652,91.9149,
988,989,69.5652,95.3192,69.5652,98.7234,
988,1036,69.5652,95.3192,73.0435,95.3192,
989,941,69.5652,98.7234,66.087,98.7234,
989,988,69.5652,98.7234,69.5652,95.3192,
989,990,69.5652,98.7234,69.5652,102.128,
989,1037,69.5652,98.7234,73.0435,98.7234,
990,942,69.5652,102.128,66.087,102.128,
990,989,69.5652,102.128,69.5652,98.7234,
990,991,69.5652,102.128,69.5652,105.532,
990,1038,69.5652,102.128,72.9263,102.128,
991,943,69.5652,105.532,66.087,105.532,
991,990,69.5652,105.532,69.5652,102.128,
991,992,69.5652,105.532,69.5652,106.7,
991,1039,69.5652,105.532,70.4427,105.532,
1021,973,73.0435,44.2553,69.5652,44.2553,
1021,1020,73.0435,44.2553,73.0435,41.7132,
1021,1022,73.0435,44.2553,73.0435,47.6596,
1021,1069,73.0435,44.2553,74.8161,44.2553,
1022,974,73.0435,47.6596,69.5652,47.6596,
1022,1021,73.0435,47.6596,73.0435,44.2553,
1022,1023,73.0435,47.6596,73.0435,51.0638,
1022,1070,73.0435,47.6596,75.5178,47.6596,
1023,975,73.0435,51.0638,69.5652,51.0638,
1023,1022,73.0435,51.0638,73.0435,47.6596,
1023,1024,73.0435,51.0638,73.0435,54.4681,
1023,1071,73.0435,51.0638,76.2863,51.0638,
1024,976,73.0435,54.4681,69.5652,54.4681,
1024,1023,73.0435,54.4681,73.0435,51.0638,
1024,1025,73.0435,54.4681,73.0435,57.8723,
1024,1072,73.0435,54.4681,76.5217,54.4681,
1025,977,73.0435,57.8723,69.5652,57.8723,
1025,1024,73.0435,57.8723,73.0435,54.4681,
1025,1026,73.0435,57.8723,73.0435,61.2766,
1025,1073,73.0435,57.8723,76.4709,57.8723,
1026,978,73.0435,61.2766,69.5652,61.2766,
1026,1025,73.0435,61.2766,73.0435,57.8723,
1026,1027,73.0435,61.2766,73.0435,64.6809,
1026,1074,73.0435,61.2766,76.2472,61.2766,
1027,979,73.0435,64.6809,69.5652,64.6809,
1027,1026,73.0435,64.6809,73.0435,61.2766,
1027,1028,73.0435,64.6809,73.0435,68.0851,
1027,1075,73.0435,64.6809,76.0177,64.6809,
1028,980,73.0435,68.0851,69.5652,68.0851,
1028,1027,73.0435,68.0851,73.0435,64.6809,
1028,1029,73.0435,68.0851,73.0435,71.4894,
1028,1076,73.0435,68.0851,76.05,68.0851,
1029,981,73.0435,71.4894,69.5652,71.4894,
1029,1028,73.0435,71.4894,73.0435,68.0851,
1029,1030,73.0435,71.4894,73.0435,74.8936,
1029,1077,73.0435,71.4894,76.5217,71.4894,
1030,982,73.0435,74.8936,69.5652,74.8936,
1030,1029,73.0435,74.8936,73.0435,71.4894,
1030,1031,73.0435,74.8936,73.0435,78.2979,
1030,1078,73.0435,74.8936,76.5217,74.8936,
1031,983,73.0435,78.2979,69.5652,78.2979,
1031,1030,73.0435,78.2979,73.0435,74.8936,
1031,1032,73.0435,78.2979,73.0435,81.7021,
1031,1079,73.0435,78.2979,76.5217,78.2979,
1032,984,73.0435,81.7021,69.5652,81.7021,
1032,1031,73.0435,81.7021,73.0435,78.2979,
1032,1033,73.0435,81.7021,73.0435,85.1064,
1032,1080,73.0435,81.7021,76.5217,81.7021,
1033,985,73.0435,85.1064,69.5652,85.1064,
1033,1032,73.0435,85.1064,73.0435,81.7021,
1033,1034,73.0435,85.1064,73.0435,88.5106,
1033,1081,73.0435,85.1064,76.5217,85.1064,
1034,986,73.0435,88.5106,69.5652,88.5106,
1034,1033,73.0435,88.5106,73.0435,85.1064,
1034,1035,73.0435,88.5106,73.0435,91.9149,
1034,1082,73.0435,88.5106,76.5217,88.5106,
1035,987,73.0435,91.9149,69.5652,91.9149,
1035,1034,73.0435,91.9149,73.0435,88.5106,
1035,1036,73.0435,91.9149,73.0435,95.3192,
1035,1083,73.0435,91.9149,76.3801,91.9149,
1036,988,73.0435,95.3192,69.5652,95.3192,
1036,1035,73.0435,95.3192,73.0435,91.9149,
1036,1037,73.0435,95.3192,73.0435,98.7234,
1036,1084,73.0435,95.3192,75.626,95.3192,
1037,989,73.0435,98.7234,69.5652,98.7234,
1037,1036,73.0435,98.7234,73.0435,95.3192,
1037,1038,73.0435,98.7234,73.0435,101.967,
1037,1085,73.0435,98.7234,74.6243,98.7234,
1072,1024,76.5217,54.4681,73.0435,54.4681,
1072,1071,76.5217,54.4681,76.5217,52.0413,
1072,1073,76.5217,54.4681,76.5217,57.0732,
1072,1120,76.5217,54.4681,76.6719,54.4681,
1077,1029,76.5217,71.4894,73.0435,71.4894,
1077,1076,76.5217,71.4894,76.5217,71.0037,
1077,1078,76.5217,71.4894,76.5217,74.8936,
1077,1125,76.5217,71.4894,76.602,71.4894,
1078,1030,76.5217,74.8936,73.0435,74.8936,
1078,1077,76.5217,74.8936,76.5217,71.4894,
1078,1079,76.5217,74.8936,76.5217,78.2979,
1078,1126,76.5217,74.8936,77.1447,74.8936,
1079,1031,76.5217,78.2979,73.0435,78.2979,
1079,1078,76.5217,78.2979,76.5217,74.8936,
1079,1080,76.5217,78.2979,76.5217,81.7021,
1079,1127,76.5217,78.2979,77.3121,78.2979,
1080,1032,76.5217,81.7021,73.0435,81.7021,
1080,1079,76.5217,81.7021,76.5217,78.2979,
1080,1081,76.5217,81.7021,76.5217,85.1064,
1080,1128,76.5217,81.7021,77.273,81.7021,
1081,1033,76.5217,85.1064,73.0435,85.1064,
1081,1080,76.5217,85.1064,76.5217,81.7021,
1081,1082,76.5217,85.1064,76.5217,88.5106,
1081,1129,76.5217,85.1064,77.1506,85.1064,
1082,1034,76.5217,88.5106,73.0435,88.5106,
1082,1081,76.5217,88.5106,76.5217,85.1064,
1082,1083,76.5217,88.5106,76.5217,90.72,
1082,1130,76.5217,88.5106,76.7837,88.5106,
